
Day:1 
(1, 0, 100, -134883.58237666776, 112680356.0, (1.9003764427576046, 5.482269639783987, 81.19417476895711, 25.757847600126027), 4.150131940841675)
Day:1 
(1, 1, 100, -1927.6351845599443, 4728922.0, (3.8838694529809628, 3.8583836039339983, 2.2346539539181225, 6.708610145059873), 32.150960206985474)
Day:1 
(1, 2, 100, -1869.6191780625036, 3945766.0, (3.8838694529809628, 3.8583836039339983, 2.2346539539181225, 6.708610145059873), 34.170973777770996)
Day:1 
(1, 3, 100, -844.4699124779266, 5197430.0, (4.237468490677025, 6.0905129487576115, 0.21144229972957607, 7.972598379105189), 34.01599407196045)
Day:1 
(1, 4, 100, -825.2817485993307, 4359330.0, (4.237468490677025, 6.0905129487576115, 0.21144229972957607, 7.972598379105189), 34.27554392814636)
Day:1 
(1, 5, 100, -821.5996405149532, 3137674.0, (4.237468490677025, 6.0905129487576115, 0.21144229972957607, 7.972598379105189), 34.40136122703552)
Day:1 
(1, 6, 100, -810.0862435110059, 3480965.0, (4.237468490677025, 6.0905129487576115, 0.21144229972957607, 7.972598379105189), 34.46752381324768)
Day:1 
(1, 7, 100, -801.652216593237, 4054459.0, (4.237468490677025, 6.0905129487576115, 0.21144229972957607, 7.972598379105189), 34.511985063552856)
Day:1 
(1, 8, 100, -544.6629985760292, 647061.0, (5.842954970725761, 7.371881394486064, 16.573921191413074, 9.177800252935603), 34.72132611274719)
Day:1 
(1, 9, 100, -529.6469616093814, 4823969.0, (5.842954970725761, 7.371881394486064, 16.573921191413074, 9.177800252935603), 34.566274881362915)
Day:1 
(1, 10, 100, -526.7660458889553, 2006222.0, (5.842954970725761, 7.371881394486064, 16.573921191413074, 9.177800252935603), 34.57835102081299)
Day:1 
(1, 11, 100, -521.5588346289603, 511771.0, (5.842954970725761, 7.371881394486064, 16.573921191413074, 9.177800252935603), 34.58720803260803)
Day:1 
(1, 12, 100, -517.6026966084289, 2186456.0, (5.842954970725761, 7.371881394486064, 16.573921191413074, 9.177800252935603), 35.021302938461304)
Day:1 
(1, 13, 100, -516.8635697187567, 2189227.0, (5.842954970725761, 7.371881394486064, 16.573921191413074, 9.177800252935603), 35.05809497833252)
Day:1 
(1, 14, 100, -519.4152523298246, 651808.0, (5.842954970725761, 7.371881394486064, 16.573921191413074, 9.177800252935603), 34.6716251373291)
Day:1 
(1, 15, 100, -516.560107210616, 509026.0, (5.842954970725761, 7.371881394486064, 16.573921191413074, 9.177800252935603), 34.697285890579224)
Day:1 
(1, 16, 100, -516.9815794376484, 813117.0, (5.842954970725761, 7.371881394486064, 16.573921191413074, 9.177800252935603), 34.710047006607056)
Day:1 
(1, 17, 100, -516.765974294135, 971607.0, (5.842954970725761, 7.371881394486064, 16.573921191413074, 9.177800252935603), 34.69807004928589)
Day:1 
(1, 18, 100, -525.665209137524, 968933.0, (5.842954970725761, 7.371881394486064, 16.573921191413074, 9.177800252935603), 34.7471489906311)
Day:1 
(1, 19, 100, -517.9648963438547, 3157829.0, (5.842954970725761, 7.371881394486064, 16.573921191413074, 9.177800252935603), 35.11011600494385)
Day:1 
(1, 20, 100, -516.8307624182492, 1772561.0, (5.842954970725761, 7.371881394486064, 16.573921191413074, 9.177800252935603), 35.049213886260986)
Day:1 
(1, 21, 100, -515.9108148332839, 567423.0, (5.842954970725761, 7.371881394486064, 16.573921191413074, 9.177800252935603), 35.101288080215454)
Day:1 
(1, 22, 100, -514.2715684570203, 3217514.0, (5.842954970725761, 7.371881394486064, 16.573921191413074, 9.177800252935603), 35.13758301734924)
Day:1 
(1, 23, 100, -516.6302958133853, 4878094.0, (5.842954970725761, 7.371881394486064, 16.573921191413074, 9.177800252935603), 35.13659691810608)
Day:1 
(1, 24, 100, -507.34546462156374, 1043230.0, (5.842954970725761, 7.371881394486064, 16.573921191413074, 9.177800252935603), 35.16229009628296)
Day:1 
(1, 25, 100, -507.7113712878652, 709256.0, (5.842954970725761, 7.371881394486064, 16.573921191413074, 9.177800252935603), 35.142595052719116)
Day:1 
(1, 26, 100, -508.76922108215246, 1106102.0, (5.842954970725761, 7.371881394486064, 16.573921191413074, 9.177800252935603), 35.133198976516724)
Day:1 
(1, 27, 100, -510.62615030287907, 3269569.0, (5.842954970725761, 7.371881394486064, 16.573921191413074, 9.177800252935603), 35.16592502593994)
Day:1 
(1, 28, 100, -509.293170372059, 530209.0, (5.842954970725761, 7.371881394486064, 16.573921191413074, 9.177800252935603), 35.2277569770813)
Day:1 
(1, 29, 100, -506.6557210055419, 716697.0, (5.842954970725761, 7.371881394486064, 16.573921191413074, 9.177800252935603), 35.22661781311035)
Day:1 
(1, 30, 100, -507.19939755462997, 598777.0, (5.842954970725761, 7.371881394486064, 16.573921191413074, 9.177800252935603), 35.21296405792236)
Day:1 
(1, 31, 100, -504.85560244714145, 500224.0, (5.842954970725761, 7.371881394486064, 16.573921191413074, 9.177800252935603), 35.26614809036255)
Day:1 
(1, 32, 100, -504.69397553585253, 500158.0, (5.842954970725761, 7.371881394486064, 16.573921191413074, 9.177800252935603), 35.2831130027771)
Day:1 
(1, 33, 100, -502.85261639119204, 571286.0, (5.842954970725761, 7.371881394486064, 16.573921191413074, 9.177800252935603), 35.284765005111694)
Day:1 
(1, 34, 100, -510.76731197479126, 1309414.0, (5.842954970725761, 7.371881394486064, 16.573921191413074, 9.177800252935603), 35.269428968429565)
Day:1 
(1, 35, 100, -500.08089218528335, 488833.0, (5.842954970725761, 7.371881394486064, 16.573921191413074, 9.177800252935603), 35.25859999656677)
Day:1 
(1, 36, 100, -500.35990511772786, 4879905.0, (5.842954970725761, 7.371881394486064, 16.573921191413074, 9.177800252935603), 35.302401065826416)
Day:1 
(1, 37, 100, -496.7071637342381, 1763570.0, (5.842954970725761, 7.371881394486064, 16.573921191413074, 9.177800252935603), 35.279479026794434)
Day:1 
(1, 38, 100, -498.78300897458973, 669823.0, (5.842954970725761, 7.371881394486064, 16.573921191413074, 9.177800252935603), 35.26557779312134)
Day:1 
(1, 39, 100, -494.9594388723003, 506771.0, (5.842954970725761, 7.371881394486064, 16.573921191413074, 9.177800252935603), 35.30152106285095)
Day:1 
(1, 40, 100, -496.37435194272297, 1169861.0, (5.842954970725761, 7.371881394486064, 16.573921191413074, 9.177800252935603), 35.337666034698486)
Day:1 
(1, 41, 100, -497.658222027912, 1258984.0, (5.842954970725761, 7.371881394486064, 16.573921191413074, 9.177800252935603), 35.32878398895264)
Day:1 
(1, 42, 100, -506.98070624475855, 1126425.0, (5.842954970725761, 7.371881394486064, 16.573921191413074, 9.177800252935603), 35.398905992507935)
Day:1 
(1, 43, 100, -489.61556721922415, 614435.0, (5.842954970725761, 7.371881394486064, 16.573921191413074, 9.177800252935603), 35.37019991874695)
Day:1 
(1, 44, 100, -487.79459168534396, 614242.0, (5.842954970725761, 7.371881394486064, 16.573921191413074, 9.177800252935603), 35.406689167022705)
Day:1 
(1, 45, 100, -485.4789999983546, 936300.0, (5.842954970725761, 7.371881394486064, 16.573921191413074, 9.177800252935603), 35.36379599571228)
Day:1 
(1, 46, 100, -288.5730063593262, 809659.0, (5.017492102924329, 8.645870217215402, 1.9934994890946394, 9.32145502731942), 35.552286863327026)
Day:1 
(1, 47, 100, -274.79879097424094, 350447.0, (5.017492102924329, 8.645870217215402, 1.9934994890946394, 9.32145502731942), 35.37490200996399)
Day:1 
(1, 48, 100, -273.51223975294187, 875672.0, (5.017492102924329, 8.645870217215402, 1.9934994890946394, 9.32145502731942), 35.38967418670654)
Day:1 
(1, 49, 100, -271.6798106390534, 491413.0, (5.017492102924329, 8.645870217215402, 1.9934994890946394, 9.32145502731942), 35.4049129486084)
Day:1 
(1, 50, 100, -267.8177207061939, 128222.0, (5.017492102924329, 8.645870217215402, 1.9934994890946394, 9.32145502731942), 35.46068000793457)
Day:2 
(2, 0, 100, -3245109.815502776, 986278773902.0, (5.017492102924329, 8.645870217215402, 1.9934994890946394, 9.32145502731942), 17.90383791923523)
Day:2 
(2, 1, 100, -517075.42152909935, 72705738134.0, (0.8732817736757063, 8.15075415104466, 14.553047989142646, 9.983959799558775), 615.5345320701599)
Day:2 
(2, 2, 100, -516526.8367548922, 72690106421.0, (0.8732817736757063, 8.15075415104466, 14.553047989142646, 9.983959799558775), 659.323401927948)
Day:2 
(2, 3, 100, -516506.2637437645, 72690106671.0, (0.8732817736757063, 8.15075415104466, 14.553047989142646, 9.983959799558775), 755.1738030910492)
Day:2 
(2, 4, 100, -188321.5921230236, 31359979121.0, (2.2820627486196114, 5.903746190406914, 9.524211200880245, 7.538315912188345), 674.31609582901)
Day:2 
(2, 5, 100, -188238.90782918848, 31359659589.0, (2.2820627486196114, 5.903746190406914, 9.524211200880245, 7.538315912188345), 741.6245431900024)
Day:2 
(2, 6, 100, -188109.01291454403, 31334358485.0, (2.2820627486196114, 5.903746190406914, 9.524211200880245, 7.538315912188345), 825.0941259860992)
Day:2 
(2, 7, 100, -188076.99555079106, 31334399772.0, (2.2820627486196114, 5.903746190406914, 9.524211200880245, 7.538315912188345), 722.3947348594666)
Day:2 
(2, 8, 100, -188005.79087989227, 31329176388.0, (2.2820627486196114, 5.903746190406914, 9.524211200880245, 7.538315912188345), 765.6242849826813)
Day:2 
(2, 9, 100, -187894.58193806466, 31324436746.0, (2.2820627486196114, 5.903746190406914, 9.524211200880245, 7.538315912188345), 798.7561590671539)
Day:2 
(2, 10, 100, -187751.4413918573, 31297178001.0, (2.2820627486196114, 5.903746190406914, 9.524211200880245, 7.538315912188345), 760.885174036026)
Day:2 
(2, 11, 100, -187652.71479168418, 31278104796.0, (2.2820627486196114, 5.903746190406914, 9.524211200880245, 7.538315912188345), 768.4141850471497)
Day:2 
(2, 12, 100, -187639.95276675888, 31278100522.0, (2.2820627486196114, 5.903746190406914, 9.524211200880245, 7.538315912188345), 813.7215490341187)
Day:2 
(2, 13, 100, -187606.16145463695, 31278099818.0, (2.2820627486196114, 5.903746190406914, 9.524211200880245, 7.538315912188345), 754.1215908527374)
Day:2 
(2, 14, 100, -187594.5756523842, 31278098018.0, (2.2820627486196114, 5.903746190406914, 9.524211200880245, 7.538315912188345), 708.4088640213013)
Day:2 
(2, 15, 100, -187541.38271404232, 31271648806.0, (2.2820627486196114, 5.903746190406914, 9.524211200880245, 7.538315912188345), 806.6450700759888)
Day:2 
(2, 16, 100, -187518.93710815528, 31271617519.0, (2.2820627486196114, 5.903746190406914, 9.524211200880245, 7.538315912188345), 807.6487438678741)
Day:2 
(2, 17, 100, -187518.02621625978, 31271616312.0, (2.2820627486196114, 5.903746190406914, 9.524211200880245, 7.538315912188345), 766.0809020996094)
Day:2 
(2, 18, 100, -187505.59609625288, 31271616356.0, (2.2820627486196114, 5.903746190406914, 9.524211200880245, 7.538315912188345), 773.0821290016174)
Day:2 
(2, 19, 100, -187503.88103212358, 31271616606.0, (2.2820627486196114, 5.903746190406914, 9.524211200880245, 7.538315912188345), 747.6186530590057)
Day:2 
(2, 20, 100, -187316.20730058267, 31248042146.0, (2.2820627486196114, 5.903746190406914, 9.524211200880245, 7.538315912188345), 751.5813479423523)
Day:2 
(2, 21, 100, -187306.615524445, 31248044377.0, (2.2820627486196114, 5.903746190406914, 9.524211200880245, 7.538315912188345), 800.2383620738983)
Day:2 
(2, 22, 100, -187159.4859435183, 31234664515.0, (2.2820627486196114, 5.903746190406914, 9.524211200880245, 7.538315912188345), 762.7683839797974)
Day:2 
(2, 23, 100, -187092.51698327877, 31233084711.0, (2.2820627486196114, 5.903746190406914, 9.524211200880245, 7.538315912188345), 759.7968099117279)
Day:2 
(2, 24, 100, -187100.14881846693, 31233082751.0, (2.2820627486196114, 5.903746190406914, 9.524211200880245, 7.538315912188345), 735.8264799118042)
Day:2 
(2, 25, 100, -187096.32406170995, 31233082818.0, (2.2820627486196114, 5.903746190406914, 9.524211200880245, 7.538315912188345), 764.8838150501251)
Day:2 
(2, 26, 100, -187094.9807679332, 31233074252.0, (2.2820627486196114, 5.903746190406914, 9.524211200880245, 7.538315912188345), 737.4373309612274)
Day:2 
(2, 27, 100, -187079.887137953, 31233073653.0, (2.2820627486196114, 5.903746190406914, 9.524211200880245, 7.538315912188345), 797.6253130435944)
Day:2 
(2, 28, 100, -58407.45370709235, 12214239192.0, (5.017946039975852, 9.474982546933486, 12.245076231178396, 10.596232860758263), 759.5941829681396)
Day:2 
(2, 29, 100, -58223.33187017582, 12212046467.0, (5.017946039975852, 9.474982546933486, 12.245076231178396, 10.596232860758263), 803.2966029644012)
Day:2 
(2, 30, 100, -58135.282527646275, 12212043351.0, (5.017946039975852, 9.474982546933486, 12.245076231178396, 10.596232860758263), 779.922217130661)
Day:2 
(2, 31, 100, -58047.87999679923, 12211988835.0, (5.017946039975852, 9.474982546933486, 12.245076231178396, 10.596232860758263), 804.2144050598145)
Day:2 
(2, 32, 100, -57973.19106389719, 12211923817.0, (5.017946039975852, 9.474982546933486, 12.245076231178396, 10.596232860758263), 727.350841999054)
Day:2 
(2, 33, 100, -57866.47811024371, 12211923080.0, (5.017946039975852, 9.474982546933486, 12.245076231178396, 10.596232860758263), 783.6291098594666)
Day:2 
(2, 34, 100, -57830.39249925858, 12211922842.0, (5.017946039975852, 9.474982546933486, 12.245076231178396, 10.596232860758263), 770.6806931495667)
Day:2 
(2, 35, 100, -57797.33268922817, 12211921468.0, (5.017946039975852, 9.474982546933486, 12.245076231178396, 10.596232860758263), 795.3417589664459)
Day:2 
(2, 36, 100, -57736.44913424659, 12211038776.0, (5.017946039975852, 9.474982546933486, 12.245076231178396, 10.596232860758263), 773.5807449817657)
Day:2 
(2, 37, 100, -57697.98739623205, 12211039356.0, (5.017946039975852, 9.474982546933486, 12.245076231178396, 10.596232860758263), 848.6593430042267)
Day:2 
(2, 38, 100, -57626.87842141616, 12210610526.0, (5.017946039975852, 9.474982546933486, 12.245076231178396, 10.596232860758263), 822.8617088794708)
Day:2 
(2, 39, 100, -57583.88340390353, 12210609367.0, (5.017946039975852, 9.474982546933486, 12.245076231178396, 10.596232860758263), 828.5316140651703)
Day:2 
(2, 40, 100, -57564.35072664273, 12210610389.0, (5.017946039975852, 9.474982546933486, 12.245076231178396, 10.596232860758263), 790.5305559635162)