
Day:1 
(1, 0, 100, -248.61608797224906, 35732.0, (9.540469711652793, 0.031655278110697085, 0.09957116672132836, 6.012836432709002), 4.393651008605957)
Day:1 
(1, 1, 100, -27.212972258482285, 196.0, (5.042448096690003, 6.486424340764618, 4.615932736672843, 11.177137252134196), 7.90179705619812)
Day:1 
(1, 2, 100, -34.4143712071223, 1369.0, (44.4288007689169, 10.013281359992327, 1.1888141329519673, 63.4843649546854), 7.394963979721069)
Day:1 
(1, 3, 100, -26.729874481330413, 361.0, (0.02285573748963188, 0.35157003550479843, 9.27783786207986, 63.4843649546854), 7.955107927322388)
Day:1 
(1, 4, 100, -28.63948543956313, 1225.0, (12.26053367000546, 0.19444663822839423, 7.647118670305334, 26.97697810607343), 7.783497095108032)
Day:1 
(1, 5, 100, -26.668418691400536, 144.0, (3.2317621876575577, 0.19444663822839423, 10.229942563833108, 26.97697810607343), 8.048205852508545)
Day:1 
(1, 6, 100, -28.903501645723402, 961.0, (9.741405953223252, 0.47579184956584536, 6.133907636304854, 35.493764860635665), 7.553986072540283)
Day:1 
(1, 7, 100, -22.425944658498725, 81.0, (0.00021776318708366927, 12.1196843226585, 1.7160678285155782, 19.16626548119796), 8.04664397239685)
Day:1 
(1, 8, 100, -26.5470238368992, 25.0, (29.313522602072343, 0.05996693714472322, 1.7160678285155782, 19.16626548119796), 7.943027019500732)
Day:1 
(1, 9, 100, -29.01397377784449, 144.0, (5.6990124573727305, 4.092452393210244, 16.191662605357465, 22.40962376928999), 7.7249579429626465)
Day:1 
(1, 10, 100, -30.73855435761144, 256.0, (35.38671133294014, 4.092452393210244, 1.3044485171806344, 40.74459956730557), 7.840262174606323)
Day:1 
(1, 11, 100, -30.897423766353427, 2025.0, (2.4130017390475356, 0.20969518457067618, 29.980464994242098, 40.74459956730557), 7.71483588218689)
Day:1 
(1, 12, 100, -25.496409209587952, 25.0, (1.4680921818422887, 0.317101751142031, 19.850087849242556, 5.515710295148443), 7.829431056976318)
Day:1 
(1, 13, 100, -26.749425627188, 196.0, (0.522040694288417, 4.385883404478838, 19.850087849242556, 8.433146547785675), 7.857312917709351)
Day:1 
(1, 14, 100, -25.927407827230223, 9.0, (5.797492128115152, 0.17397674972519386, 16.00682357809926, 8.433146547785675), 8.114639043807983)
Day:1 
(1, 15, 100, -21.06651515586594, 484.0, (5.797492128115152, 1.5043638573965329e-05, 6.0253768308229025, 11.85020840085291), 8.130203008651733)
Day:1 
(1, 16, 100, -24.574230319468896, 784.0, (0.16668343801496938, 1.5043638573965329e-05, 43.96018524624702, 45.65406359503192), 8.25977087020874)
Day:1 
(1, 17, 100, -23.450241955361587, 900.0, (2.039972186940457, 4.487726911501426e-05, 30.07772429365142, 13.750721861406264), 8.02898907661438)
Day:1 
(1, 18, 100, -21.968661875641303, 256.0, (12.437277974092448, 4.487726911501426e-05, 4.19194164289365, 13.750721861406264), 8.174090147018433)
Day:1 
(1, 19, 100, -25.613207708855303, 2116.0, (17.155534871242757, 4.487726911501426e-05, 1.6027827161377846, 43.41320655717217), 8.326765775680542)
Day:1 
(1, 20, 100, -21.014291739709034, 784.0, (0.1470045965701484, 4.487726911501426e-05, 15.547644509590125, 14.843262865819245), 8.208255052566528)
Day:1 
(1, 21, 100, -23.66508389743014, 225.0, (0.12503080718439036, 2.74254310660364, 0.6638233746223405, 14.843262865819245), 8.212345123291016)
Day:1 
(1, 22, 100, -27.25568372779771, 16.0, (3.3539633682219305, 8.6597233672964, 4.273500144794896, 14.843262865819245), 7.839038848876953)
Day:1 
(1, 23, 100, -23.561878793120403, 225.0, (8.392794181274791, 0.004677795898161207, 3.871638347818656, 11.027522492482774), 7.975497007369995)
Day:1 
(1, 24, 100, -27.797891110044418, 625.0, (8.392794181274791, 4.885273972770455, 3.871638347818656, 12.38144800871998), 8.110531091690063)
Day:1 
(1, 25, 100, -30.290761096449515, 64.0, (4.591396982045043, 19.484750932680626, 0.6867550194300169, 59.25382092268751), 7.724483966827393)
Day:1 
(1, 26, 100, -30.30558941810159, 16.0, (34.15307911926769, 0.3150229853654541, 2.0283115638042353, 59.25382092268751), 7.978449106216431)
Day:1 
(1, 27, 100, -33.734074369373246, 961.0, (3.953212785420625, 24.234856736346874, 22.535918067571213, 50.83932316327098), 7.974660873413086)
Day:1 
(1, 28, 100, -27.095389928160102, 4.0, (0.38700969362440046, 0.3994368656709391, 9.075335276038867, 50.83932316327098), 8.214350938796997)
Day:1 
(1, 29, 100, -36.02320977398985, 3025.0, (39.82842604670523, 19.4099070294855, 1.2375385152422969, 50.83932316327098), 7.977464199066162)
Day:1 
(1, 30, 100, -36.118086408855746, 324.0, (43.19750293399359, 19.4099070294855, 25.318829339649515, 50.83932316327098), 8.338338851928711)
Day:1 
(1, 31, 100, -27.45004314696767, 225.0, (7.136471902223679, 2.439806721091127, 10.781661964685238, 9.890999570988798), 7.707939147949219)
Day:1 
(1, 32, 100, -25.096316961888537, 169.0, (29.062960193475075, 0.00022046268925830922, 9.173132738695598, 20.21142185226603), 8.118414878845215)
Day:1 
(1, 33, 100, -24.60179307227987, 1936.0, (29.062960193475075, 0.00022046268925830922, 0.20882257659384137, 20.21142185226603), 8.384917974472046)
Day:1 
(1, 34, 100, -27.726621281215465, 289.0, (5.58978122930413, 0.5457500972275476, 15.53888348246654, 20.21142185226603), 7.873245000839233)
Day:1 
(1, 35, 100, -27.235935647961867, 289.0, (4.257723250918376, 3.8341810440130044, 3.001013315874104, 20.21142185226603), 8.300369024276733)
Day:1 
(1, 36, 100, -30.416973252905343, 82.0, (11.618674554217089, 3.8341810440130044, 0.8061001086224406, 11.842615285170567), 8.28526496887207)
Day:1 
(1, 37, 100, -31.053677250606462, 169.0, (5.581095396128045, 2.1522648931499275, 68.05358137035273, 11.842615285170567), 8.307764053344727)
Day:1 
(1, 38, 100, -24.24449116933996, 36.0, (0.010471941671774131, 2.1522648931499275, 16.71375184832787, 11.842615285170567), 8.411541938781738)
Day:1 
(1, 39, 100, -26.029117274550867, 121.0, (2.918648916479523, 2.1522648931499275, 2.6778580901148015, 16.09201944586081), 8.291270971298218)
Day:1 
(1, 40, 100, -26.684023636339944, 196.0, (0.0919178108796287, 16.355047107614592, 7.26388259525469, 16.09201944586081), 8.17076301574707)
Day:1 
(1, 41, 100, -34.75730399812202, 3600.0, (7.42929813536187, 10.044725423226078, 7.26388259525469, 58.91835210250118), 8.276825189590454)
Day:1 
(1, 42, 100, -30.044065426986272, 196.0, (7.42929813536187, 10.044725423226078, 17.344473950430768, 21.296724389092592), 8.55089783668518)
Day:1 
(1, 43, 100, -30.192805728837005, 25.0, (23.888383768593915, 1.4767960863643557, 21.439999959944352, 21.296724389092592), 8.308419942855835)
Day:1 
(1, 44, 100, -26.8076507715914, 1681.0, (0.00857337262206, 14.946926274499932, 4.298012444718222, 21.296724389092592), 8.196762084960938)
Day:1 
(1, 45, 100, -24.77543498066459, 256.0, (0.00857337262206, 1.4726773772350914, 15.016670848108815, 21.296724389092592), 8.452264070510864)
Day:1 
(1, 46, 100, -30.26625329118264, 1764.0, (3.9193063399618735, 3.876583018011799, 22.308848540955772, 16.404240387982167), 8.079894065856934)
Day:1 
(1, 47, 100, -26.43806082485176, 100.0, (3.1317501178549167, 3.876583018011799, 5.916471301270563, 9.738338061511003), 8.61161994934082)
Day:1 
(1, 48, 100, -28.728933729708388, 169.0, (1.2431184288290547, 9.277239992726813, 22.61861282088467, 16.25357140236182), 8.080214977264404)
Day:1 
(1, 49, 100, -21.568899968443933, 16.0, (0.007874565811886794, 0.04556200985494386, 12.658350232248907, 10.440369060033149), 7.9946608543396)
Day:1 
(1, 50, 100, -22.90053792035147, 361.0, (0.007874565811886794, 0.8659133589595368, 7.311045347409001, 10.440369060033149), 8.236199140548706)
Day:1 
(1, 51, 100, -21.02938623147403, 4.0, (0.007874565811886794, 0.6218084634880847, 0.9747057504527038, 10.440369060033149), 8.672539949417114)
Day:1 
(1, 52, 100, -28.596595962144818, 1.0, (1.2378057097893587, 0.6772849925675924, 24.364390486639593, 40.12108469629798), 8.006407022476196)
Day:1 
(1, 53, 100, -36.23053956593938, 64.0, (51.81191154520855, 0.6528053579665885, 76.84682189149154, 40.12108469629798), 8.270246028900146)
Day:1 
(1, 54, 100, -30.966349300664813, 144.0, (5.490895571483478, 50.00805088638407, 0.33690183640309446, 40.12108469629798), 8.277937889099121)
Day:1 
(1, 55, 100, -29.312863161567186, 900.0, (1.1322319224703863, 8.176249417757536, 4.850065219679582, 40.12108469629798), 8.408185005187988)
Day:1 
(1, 56, 100, -26.481964224577464, 2401.0, (13.31884333393411, 0.007020688937238673, 1.5969745792495174, 17.143275606645247), 8.169923067092896)
Day:1 
(1, 57, 100, -28.707362219468784, 64.0, (1.0313393866925702, 18.652345942131618, 6.937155756955641, 26.150638922196926), 8.051590919494629)
Day:1 
(1, 58, 100, -30.61290580430011, 1681.0, (1.0313393866925702, 0.6040621514500769, 45.25974278863878, 26.150638922196926), 8.1525399684906)
Day:1 
(1, 59, 100, -29.295118498634743, 784.0, (0.019610926276568987, 12.582760627232215, 0.8593033038369521, 89.39688576166162), 8.015489101409912)
Day:1 
(1, 60, 100, -23.7858151957214, 441.0, (0.0004210188897216133, 15.709890505977876, 4.730201128573919, 15.534298985986196), 8.019544124603271)
Day:1 
(1, 61, 100, -25.05681094268402, 484.0, (0.030670544691577595, 8.271328728905507, 3.2757281106185188, 15.534298985986196), 8.262787818908691)
Day:1 
(1, 62, 100, -24.655870623392904, 49.0, (1.9081896278575359, 0.31938719972107277, 3.2757281106185188, 14.569910202082717), 8.236706972122192)
Day:1 
(1, 63, 100, -28.19026696254595, 2601.0, (0.41745278550742615, 2.0006138952604196, 10.064781795207596, 14.569910202082717), 8.08645510673523)
Day:1 
(1, 64, 100, -24.181607891813233, 4.0, (0.4692749665855581, 0.2942859450206215, 10.064781795207596, 9.001083632869621), 8.366818904876709)
Day:1 
(1, 65, 100, -22.058727571643747, 4.0, (5.902047650027929, 0.042263565551076805, 0.05550566872660516, 13.449114427130157), 8.127557039260864)
Day:1 
(1, 66, 100, -26.79156088106827, 121.0, (6.511624258141385, 1.3934570971129547, 6.692472311827084, 13.449114427130157), 8.26077914237976)
Day:1 
(1, 67, 100, -28.334655555514416, 144.0, (17.097982551522186, 1.3934570971129547, 5.71727337370257, 21.301662304010975), 8.165477991104126)
Day:1 
(1, 68, 100, -26.482762753747807, 256.0, (14.681064511647724, 4.676874311153321, 0.06519087037362782, 21.301662304010975), 8.292985916137695)
Day:1 
(1, 69, 100, -25.586757066559645, 729.0, (1.562530869718972, 0.06802709820728717, 13.417924323357997, 13.569460476197804), 8.45418405532837)
Day:1 
(1, 70, 100, -25.595190685495183, 196.0, (0.6679876732404725, 10.762869898509967, 0.023125425392543475, 39.45272834669416), 8.270724058151245)
Day:1 
(1, 71, 100, -27.073988697325916, 676.0, (0.7278654986625814, 3.067401303952949, 1.0872660809196832, 39.45272834669416), 8.565996885299683)
Day:1 
(1, 72, 100, -25.696977116486877, 324.0, (0.5942204333744694, 0.6408327938818156, 1.0872660809196832, 39.09676158413792), 8.426614999771118)
Day:1 
(1, 73, 100, -29.895608955693866, 144.0, (11.054792545190068, 6.499787087093304, 4.861899329941652, 39.09676158413792), 8.307185888290405)
Day:1 
(1, 74, 100, -34.384104380257455, 1.0, (11.054792545190068, 30.657807810740355, 14.17949229570627, 66.56792923394701), 8.418213129043579)
Day:1 
(1, 75, 100, -32.084907255451526, 64.0, (10.09160966166856, 9.018795485615227, 8.225486771192273, 66.56792923394701), 8.164082050323486)
Day:1 
(1, 76, 100, -32.01516569638244, 121.0, (4.419472007340034, 4.297520976663281, 21.798712872182833, 66.56792923394701), 8.030055046081543)
Day:1 
(1, 77, 100, -31.801898200581252, 144.0, (13.654441169959057, 10.622683859465203, 2.565622423542433, 66.56792923394701), 8.053318977355957)
Day:1 
(1, 78, 100, -29.685289444731936, 1521.0, (6.79138500198363, 10.622683859465203, 2.4812960697422195, 22.782610674196153), 8.200775861740112)
Day:1 
(1, 79, 100, -26.818211742330504, 64.0, (0.0045024112457998245, 8.837649324033801, 14.180000475755952, 42.04742068009348), 8.174087047576904)
Day:1 
(1, 80, 100, -33.77902918745577, 576.0, (52.36564819118032, 8.837649324033801, 6.026457783808501, 42.04742068009348), 8.584778070449829)
Day:1 
(1, 81, 100, -27.975214295495896, 100.0, (2.3761187630516334, 0.7056200458865801, 9.249088751846068, 42.04742068009348), 8.07743787765503)
Day:1 
(1, 82, 100, -29.880028431495393, 100.0, (11.416650810299872, 1.6174598747761357, 0.639072987412927, 75.46398933590025), 7.959988117218018)
Day:1 
(1, 83, 100, -29.694755487216103, 324.0, (2.8352570441855076, 18.581666053261184, 2.7238888583704006, 38.44366833773797), 8.245414972305298)
Day:1 
(1, 84, 100, -24.979486527025053, 1849.0, (0.04026095844389087, 1.4661155960962986, 0.10150424457245562, 38.44366833773797), 8.237383842468262)
Day:1 
(1, 85, 100, -29.67879906328315, 4.0, (9.230554966564146, 10.583077783745829, 3.1143478285625665, 38.44366833773797), 8.388151168823242)
Day:1 
(1, 86, 100, -32.819159663895974, 100.0, (1.5136914412738034, 25.0006776037672, 41.11100745024673, 38.44366833773797), 7.975684881210327)
Day:1 
(1, 87, 100, -30.775000817881253, 729.0, (6.110405301102088, 5.132844214509784, 15.088099572304598, 37.76955155891652), 8.14170503616333)
Day:1 
(1, 88, 100, -22.77663438039931, 2304.0, (0.09177295222177016, 0.44492768460467796, 0.039225143482672184, 11.729270710524563), 8.298599004745483)
Day:1 
(1, 89, 100, -25.66754556515105, 784.0, (4.343176506479956, 0.738461647270285, 1.327388903380123, 12.542332050693659), 8.160835981369019)
Day:1 
(1, 90, 100, -28.535734075689096, 196.0, (2.19322140916423, 2.989288880436571, 9.390809586308453, 36.455915785368006), 8.026210069656372)
Day:1 
(1, 91, 100, -28.770234694247158, 25.0, (0.7278920371874359, 25.361333135466392, 1.987962182863514, 36.455915785368006), 8.510976076126099)
Day:1 
(1, 92, 100, -34.33191908421628, 1444.0, (70.93535157335269, 0.7315038507042482, 1.987962182863514, 57.78861845789705), 8.771093845367432)
Day:1 
(1, 93, 100, -27.31944566892065, 225.0, (0.02336643316368717, 9.642397264906062, 21.914837722243863, 23.95724980905248), 8.125095129013062)
Day:1 
(1, 94, 100, -27.56737125047402, 100.0, (21.793972931362347, 4.322829099881445, 0.19277234043226427, 23.95724980905248), 8.105777978897095)
Day:1 
(1, 95, 100, -27.290278099936295, 0.0, (8.58043167583005, 10.464382399899907, 0.28222812026687116, 23.95724980905248), 8.19924783706665)
Day:1 
(1, 96, 100, -27.19792352206442, 9.0, (0.7359661335341304, 0.3929974525200985, 4.747559041952717, 56.062149267444276), 8.078951120376587)
Day:1 
(1, 97, 100, -28.01557363108173, 196.0, (11.382650083392742, 0.025995405641653535, 0.5015922348111888, 81.00965698562972), 8.211848974227905)
Day:1 
(1, 98, 100, -24.950463112189237, 529.0, (0.3903155033330027, 0.12043969343308389, 19.680529362061336, 8.648215493178267), 8.09350299835205)
Day:1 
(1, 99, 100, -22.800293767881275, 144.0, (0.0009266075385843216, 2.0878639495749254, 2.1493700612800715, 4.912387106777357), 8.142168998718262)
Day:1 
(1, 100, 100, -23.856884363242482, 9.0, (8.431654684698522, 2.0878639495749254, 0.02818746245919069, 10.306459852946155), 8.266906976699829)
Day:2 
(2, 0, 100, -14423.996696080218, 1158993.0, (8.431654684698522, 2.0878639495749254, 0.02818746245919069, 10.306459852946155), 10.958601951599121)
Day:2 
(2, 1, 100, -14322.141613956499, 939985.0, (17.42844921137971, 2.0878639495749254, 30.231355474771497, 55.995689557435256), 39.09722018241882)
Day:2 
(2, 2, 100, -2200.3515668340383, 122365.0, (1.934538482030239, 2.0878639495749254, 30.231355474771497, 7.582618035039367), 44.19029784202576)
Day:2 
(2, 3, 100, -1458.993912486716, 106738.0, (1.934538482030239, 2.0878639495749254, 19.79672928587303, 7.582618035039367), 47.317403078079224)
Day:2 
(2, 4, 100, -923.8509016280778, 125203.0, (2.9705573980247597, 9.659908583044874, 3.33768905337185, 7.582618035039367), 103.48916506767273)
Day:2 
(2, 5, 100, -402.67482206957794, 22949.0, (2.9705573980247597, 9.659908583044874, 8.518155457623761, 6.907158619864265), 160.01328492164612)
Day:2 
(2, 6, 100, -394.90999750988254, 22595.0, (2.9705573980247597, 9.659908583044874, 8.518155457623761, 6.907158619864265), 191.4845368862152)
Day:2 
(2, 7, 100, -235.7016733569593, 22586.0, (3.0480982797883645, 4.661149171011719, 8.518155457623761, 6.907158619864265), 74.7145562171936)
Day:2 
(2, 8, 100, -224.88207811476775, 21099.0, (3.0480982797883645, 4.661149171011719, 8.518155457623761, 6.907158619864265), 63.95114588737488)
Day:2 
(2, 9, 100, -160.88049019471237, 6272.0, (3.0480982797883645, 6.496803434987377, 8.518155457623761, 6.907158619864265), 72.81817507743835)
Day:2 
(2, 10, 100, -156.74244349667032, 5905.0, (3.0480982797883645, 6.496803434987377, 8.518155457623761, 6.907158619864265), 79.9001100063324)
Day:2 
(2, 11, 100, -152.5734026119523, 5320.0, (3.0480982797883645, 6.496803434987377, 8.518155457623761, 6.907158619864265), 90.92283582687378)
Day:2 
(2, 12, 100, -148.09454823810344, 4258.0, (3.0480982797883645, 6.496803434987377, 8.518155457623761, 6.907158619864265), 70.57546305656433)
Day:2 
(2, 13, 100, -147.8812680147679, 4756.0, (3.0480982797883645, 6.496803434987377, 8.518155457623761, 6.907158619864265), 88.65378212928772)
Day:2 
(2, 14, 100, -151.1497439543751, 4166.0, (3.0480982797883645, 6.496803434987377, 8.518155457623761, 6.907158619864265), 79.31849598884583)
Day:2 
(2, 15, 100, -150.81177156856782, 4262.0, (3.0480982797883645, 6.496803434987377, 8.518155457623761, 6.907158619864265), 73.21949601173401)
Day:2 
(2, 16, 100, -151.06123300830814, 4926.0, (3.0480982797883645, 6.496803434987377, 8.518155457623761, 6.907158619864265), 99.04260087013245)
Day:2 
(2, 17, 100, -147.2339085963195, 4112.0, (3.0480982797883645, 6.496803434987377, 8.518155457623761, 6.907158619864265), 94.32137799263)
Day:2 
(2, 18, 100, -148.3657381083352, 4208.0, (3.0480982797883645, 6.496803434987377, 8.518155457623761, 6.907158619864265), 88.4998619556427)
Day:2 
(2, 19, 100, -148.02906412621215, 4657.0, (3.0480982797883645, 6.496803434987377, 8.518155457623761, 6.907158619864265), 84.98142504692078)
Day:2 
(2, 20, 100, -151.48987308980085, 4594.0, (3.0480982797883645, 6.496803434987377, 8.518155457623761, 6.907158619864265), 66.84030795097351)
Day:2 
(2, 21, 100, -148.83287741224916, 4320.0, (3.0480982797883645, 6.496803434987377, 8.518155457623761, 6.907158619864265), 89.30675506591797)
Day:2 
(2, 22, 100, -151.53917415389358, 3778.0, (3.0480982797883645, 6.496803434987377, 8.518155457623761, 6.907158619864265), 67.90703201293945)
Day:2 
(2, 23, 100, -146.66211467322344, 4040.0, (3.0480982797883645, 6.496803434987377, 8.518155457623761, 6.907158619864265), 76.1023108959198)
Day:2 
(2, 24, 100, -148.46851406401922, 4222.0, (3.0480982797883645, 6.496803434987377, 8.518155457623761, 6.907158619864265), 75.0421621799469)
Day:2 
(2, 25, 100, -151.24376229381744, 5588.0, (3.0480982797883645, 6.496803434987377, 8.518155457623761, 6.907158619864265), 58.82108402252197)
Day:2 
(2, 26, 100, -154.37248360303053, 4011.0, (3.0480982797883645, 6.496803434987377, 8.518155457623761, 6.907158619864265), 74.36140894889832)
Day:2 
(2, 27, 100, -148.33255818494965, 4208.0, (3.0480982797883645, 6.496803434987377, 8.518155457623761, 6.907158619864265), 77.58525490760803)
Day:2 
(2, 28, 100, -148.42087671548924, 3650.0, (3.0480982797883645, 6.496803434987377, 8.518155457623761, 6.907158619864265), 105.97953510284424)
Day:2 
(2, 29, 100, -149.8479464167529, 4516.0, (3.0480982797883645, 6.496803434987377, 8.518155457623761, 6.907158619864265), 89.42582607269287)
Day:2 
(2, 30, 100, -148.44569299314037, 3794.0, (3.0480982797883645, 6.496803434987377, 8.518155457623761, 6.907158619864265), 74.17020177841187)
Day:2 
(2, 31, 100, -151.41116296805725, 4208.0, (3.0480982797883645, 6.496803434987377, 8.518155457623761, 6.907158619864265), 89.94073009490967)
Day:2 
(2, 32, 100, -151.14065593229105, 4136.0, (3.0480982797883645, 6.496803434987377, 8.518155457623761, 6.907158619864265), 93.48324298858643)
Day:2 
(2, 33, 100, -150.55234497680547, 3904.0, (3.0480982797883645, 6.496803434987377, 8.518155457623761, 6.907158619864265), 69.6501100063324)
Day:2 
(2, 34, 100, -156.77908954177667, 4342.0, (3.0480982797883645, 6.496803434987377, 8.518155457623761, 6.907158619864265), 81.4377179145813)
Day:2 
(2, 35, 100, -151.11511623822207, 4193.0, (3.0480982797883645, 6.496803434987377, 8.518155457623761, 6.907158619864265), 90.09184503555298)
Day:2 
(2, 36, 100, -153.21630719624886, 3965.0, (3.0480982797883645, 6.496803434987377, 8.518155457623761, 6.907158619864265), 107.7079291343689)
Day:2 
(2, 37, 100, -147.4261411777159, 4068.0, (3.0480982797883645, 6.496803434987377, 8.518155457623761, 6.907158619864265), 117.29316401481628)
Day:2 
(2, 38, 100, -150.19015113494103, 4527.0, (3.0480982797883645, 6.496803434987377, 8.518155457623761, 6.907158619864265), 101.73387002944946)
Day:2 
(2, 39, 100, -151.36448205191792, 4599.0, (3.0480982797883645, 6.496803434987377, 8.518155457623761, 6.907158619864265), 83.58556389808655)
Day:2 
(2, 40, 100, -150.37871760938592, 3857.0, (3.0480982797883645, 6.496803434987377, 8.518155457623761, 6.907158619864265), 126.5690689086914)
Day:2 
(2, 41, 100, -148.95408947144188, 3896.0, (3.0480982797883645, 6.496803434987377, 8.518155457623761, 6.907158619864265), 86.97095799446106)
Day:2 
(2, 42, 100, -151.8817808206562, 4203.0, (3.0480982797883645, 6.496803434987377, 8.518155457623761, 6.907158619864265), 96.51754403114319)
Day:2 
(2, 43, 100, -152.77134082199768, 3724.0, (3.0480982797883645, 6.496803434987377, 8.518155457623761, 6.907158619864265), 91.36396598815918)
Day:2 
(2, 44, 100, -149.9260120275086, 4174.0, (3.0480982797883645, 6.496803434987377, 8.518155457623761, 6.907158619864265), 82.90436601638794)
Day:2 
(2, 45, 100, -150.08933776917613, 3776.0, (3.0480982797883645, 6.496803434987377, 8.518155457623761, 6.907158619864265), 109.38228607177734)
Day:2 
(2, 46, 100, -150.63348459370923, 3720.0, (3.0480982797883645, 6.496803434987377, 8.518155457623761, 6.907158619864265), 83.28866004943848)
Day:2 
(2, 47, 100, -150.5546016176018, 3700.0, (3.0480982797883645, 6.496803434987377, 8.518155457623761, 6.907158619864265), 75.57210087776184)
Day:2 
(2, 48, 100, -146.84812101986034, 3819.0, (3.0480982797883645, 6.496803434987377, 8.518155457623761, 6.907158619864265), 82.63167595863342)
Day:2 
(2, 49, 100, -151.58396645935147, 3909.0, (3.0480982797883645, 6.496803434987377, 8.518155457623761, 6.907158619864265), 85.37360906600952)
Day:2 
(2, 50, 100, -153.78704560456606, 4186.0, (3.0480982797883645, 6.496803434987377, 8.518155457623761, 6.907158619864265), 85.03309607505798)
Day:2 
(2, 51, 100, -154.42845425469008, 3848.0, (3.0480982797883645, 6.496803434987377, 8.518155457623761, 6.907158619864265), 85.38639998435974)
Day:2 
(2, 52, 100, -150.1727772505987, 4075.0, (3.0480982797883645, 6.496803434987377, 8.518155457623761, 6.907158619864265), 109.78808498382568)
Day:2 
(2, 53, 100, -148.58022424620404, 4864.0, (3.0480982797883645, 6.496803434987377, 8.518155457623761, 6.907158619864265), 89.22416996955872)
Day:2 
(2, 54, 100, -150.26876532697992, 4975.0, (3.0480982797883645, 6.496803434987377, 8.518155457623761, 6.907158619864265), 99.54350996017456)
Day:2 
(2, 55, 100, -157.7239765279655, 4210.0, (3.0480982797883645, 6.496803434987377, 8.518155457623761, 6.907158619864265), 91.01017999649048)
Day:2 
(2, 56, 100, -147.09328747735688, 4120.0, (3.0480982797883645, 6.496803434987377, 8.518155457623761, 6.907158619864265), 119.31869697570801)
Day:2 
(2, 57, 100, -153.323257279122, 4130.0, (3.0480982797883645, 6.496803434987377, 8.518155457623761, 6.907158619864265), 88.08773398399353)
Day:2 
(2, 58, 100, -150.96103258137157, 4244.0, (3.0480982797883645, 6.496803434987377, 8.518155457623761, 6.907158619864265), 122.75885915756226)
Day:2 
(2, 59, 100, -154.36300995640096, 4184.0, (3.0480982797883645, 6.496803434987377, 8.518155457623761, 6.907158619864265), 97.08140182495117)
Day:2 
(2, 60, 100, -155.52844225830447, 4118.0, (3.0480982797883645, 6.496803434987377, 8.518155457623761, 6.907158619864265), 101.98393607139587)
Day:2 
(2, 61, 100, -151.49736163694584, 4390.0, (3.0480982797883645, 6.496803434987377, 8.518155457623761, 6.907158619864265), 71.10312795639038)
Day:2 
(2, 62, 100, -151.84733588940784, 4388.0, (3.0480982797883645, 6.496803434987377, 8.518155457623761, 6.907158619864265), 86.54901003837585)
Day:2 
(2, 63, 100, -154.72477030589724, 4709.0, (3.0480982797883645, 6.496803434987377, 8.518155457623761, 6.907158619864265), 75.64753794670105)
Day:2 
(2, 64, 100, -148.8268362420894, 3723.0, (3.0480982797883645, 6.496803434987377, 8.518155457623761, 6.907158619864265), 97.27694606781006)
Day:2 
(2, 65, 100, -156.73309973633613, 3234.0, (3.0480982797883645, 6.496803434987377, 8.518155457623761, 6.907158619864265), 119.7846999168396)
Day:2 
(2, 66, 100, -148.61167441700053, 3728.0, (3.0480982797883645, 6.496803434987377, 8.518155457623761, 6.907158619864265), 77.20466899871826)
Day:2 
(2, 67, 100, -148.3462622354383, 3220.0, (3.0480982797883645, 6.496803434987377, 8.518155457623761, 6.907158619864265), 116.26596713066101)
Day:2 
(2, 68, 100, -150.9071390700347, 3799.0, (3.0480982797883645, 6.496803434987377, 8.518155457623761, 6.907158619864265), 109.08510494232178)
Day:2 
(2, 69, 100, -151.87296402764773, 3670.0, (3.0480982797883645, 6.496803434987377, 8.518155457623761, 6.907158619864265), 108.44613599777222)
Day:2 
(2, 70, 100, -152.40343600728497, 4214.0, (3.0480982797883645, 6.496803434987377, 8.518155457623761, 6.907158619864265), 111.59941697120667)
Day:2 
(2, 71, 100, -148.90992172726592, 3250.0, (3.0480982797883645, 6.496803434987377, 8.518155457623761, 6.907158619864265), 99.88861799240112)
Day:2 
(2, 72, 100, -156.12198492368574, 3182.0, (3.0480982797883645, 6.496803434987377, 8.518155457623761, 6.907158619864265), 127.39532017707825)
Day:2 
(2, 73, 100, -151.79869421547173, 4346.0, (3.0480982797883645, 6.496803434987377, 8.518155457623761, 6.907158619864265), 118.1772449016571)
Day:2 
(2, 74, 100, -152.42356351093346, 4014.0, (3.0480982797883645, 6.496803434987377, 8.518155457623761, 6.907158619864265), 105.08758401870728)
Day:2 
(2, 75, 100, -153.14843863108794, 3586.0, (3.0480982797883645, 6.496803434987377, 8.518155457623761, 6.907158619864265), 112.30936908721924)
Day:2 
(2, 76, 100, -151.5233538619945, 3863.0, (3.0480982797883645, 6.496803434987377, 8.518155457623761, 6.907158619864265), 106.5624258518219)
Day:2 
(2, 77, 100, -150.63451552072155, 3764.0, (3.0480982797883645, 6.496803434987377, 8.518155457623761, 6.907158619864265), 102.27895593643188)
Day:2 
(2, 78, 100, -149.90739026369405, 3946.0, (3.0480982797883645, 6.496803434987377, 8.518155457623761, 6.907158619864265), 94.92143702507019)
Day:2 
(2, 79, 100, -150.35711317480465, 4107.0, (3.0480982797883645, 6.496803434987377, 8.518155457623761, 6.907158619864265), 108.65828609466553)
Day:2 
(2, 80, 100, -155.33791556129125, 4656.0, (3.0480982797883645, 6.496803434987377, 8.518155457623761, 6.907158619864265), 101.19591498374939)
Day:2 
(2, 81, 100, -151.0429362739395, 4438.0, (3.0480982797883645, 6.496803434987377, 8.518155457623761, 6.907158619864265), 106.62127900123596)
Day:2 
(2, 82, 100, -151.9335740262067, 4557.0, (3.0480982797883645, 6.496803434987377, 8.518155457623761, 6.907158619864265), 137.10790610313416)
Day:2 
(2, 83, 100, -152.68739300892943, 5525.0, (3.0480982797883645, 6.496803434987377, 8.518155457623761, 6.907158619864265), 98.80797100067139)
Day:2 
(2, 84, 100, -151.15155962999086, 5008.0, (3.0480982797883645, 6.496803434987377, 8.518155457623761, 6.907158619864265), 109.6089220046997)
Day:2 
(2, 85, 100, -150.50761166377836, 5224.0, (3.0480982797883645, 6.496803434987377, 8.518155457623761, 6.907158619864265), 91.8035089969635)
Day:2 
(2, 86, 100, -155.60394138987522, 5977.0, (3.0480982797883645, 6.496803434987377, 8.518155457623761, 6.907158619864265), 119.58955383300781)
Day:2 
(2, 87, 100, -152.71115046662405, 3516.0, (3.0480982797883645, 6.496803434987377, 8.518155457623761, 6.907158619864265), 111.4148280620575)
Day:2 
(2, 88, 100, -150.43518498683522, 4130.0, (3.0480982797883645, 6.496803434987377, 8.518155457623761, 6.907158619864265), 104.45248889923096)
Day:2 
(2, 89, 100, -153.20934072268125, 4112.0, (3.0480982797883645, 6.496803434987377, 8.518155457623761, 6.907158619864265), 103.62480807304382)
Day:2 
(2, 90, 100, -153.89781239285512, 3863.0, (3.0480982797883645, 6.496803434987377, 8.518155457623761, 6.907158619864265), 112.68653106689453)
Day:2 
(2, 91, 100, -157.99062167915852, 4104.0, (3.0480982797883645, 6.496803434987377, 8.518155457623761, 6.907158619864265), 96.19172096252441)
Day:2 
(2, 92, 100, -151.0940896180333, 4069.0, (3.0480982797883645, 6.496803434987377, 8.518155457623761, 6.907158619864265), 113.65606808662415)
Day:2 
(2, 93, 100, -154.7415217325026, 4155.0, (3.0480982797883645, 6.496803434987377, 8.518155457623761, 6.907158619864265), 98.55594301223755)
Day:2 
(2, 94, 100, -151.9774411529661, 4538.0, (3.0480982797883645, 6.496803434987377, 8.518155457623761, 6.907158619864265), 93.56161785125732)
Day:2 
(2, 95, 100, -152.2370076154493, 4303.0, (3.0480982797883645, 6.496803434987377, 8.518155457623761, 6.907158619864265), 119.03990912437439)
Day:2 
(2, 96, 100, -152.21828345932434, 4898.0, (3.0480982797883645, 6.496803434987377, 8.518155457623761, 6.907158619864265), 100.94460892677307)
Day:2 
(2, 97, 100, -151.3198132150322, 5006.0, (3.0480982797883645, 6.496803434987377, 8.518155457623761, 6.907158619864265), 109.70261192321777)
Day:2 
(2, 98, 100, -155.85074438689423, 4178.0, (3.0480982797883645, 6.496803434987377, 8.518155457623761, 6.907158619864265), 108.42533016204834)
Day:2 
(2, 99, 100, -159.27919644007906, 3538.0, (3.0480982797883645, 6.496803434987377, 8.518155457623761, 6.907158619864265), 90.54207181930542)
Day:2 
(2, 100, 100, -161.31759430389505, 3819.0, (3.0480982797883645, 6.496803434987377, 8.518155457623761, 6.907158619864265), 85.75863409042358)