
Day:1 
(1, 0, 100, -5225.12279249887, 1168031.0, (0.16355587399583285, 5.350910030216704, 6.769637526361893, 0.19923654432293744), 4.172512054443359)
Day:1 
(1, 1, 100, -27.575178651066146, 36.0, (0.16355587399583285, 3.5807699479129456, 38.17370097033554, 13.439758901033983), 7.410979986190796)
Day:1 
(1, 2, 100, -29.969685729089647, 1444.0, (15.210011788149847, 3.4640563598484797, 9.574528197513205, 13.439758901033983), 7.503190040588379)
Day:1 
(1, 3, 100, -27.55570063855346, 100.0, (0.12206133759386158, 2.3998149123709998, 0.47030793835000134, 83.18796944073989), 7.21319580078125)
Day:1 
(1, 4, 100, -34.68139370179339, 100.0, (0.3989253486541116, 20.756877796744323, 45.26406511726705, 83.18796944073989), 7.495350122451782)
Day:1 
(1, 5, 100, -32.49346773727166, 100.0, (28.665421862906552, 4.623169015587764, 0.893641821826027, 83.18796944073989), 7.335332870483398)
Day:1 
(1, 6, 100, -35.269134439693474, 2809.0, (18.594093139626565, 5.236077276998769, 3.41826693323907, 83.18796944073989), 7.545506000518799)
Day:1 
(1, 7, 100, -26.692073919978753, 676.0, (0.046132021261644916, 0.012988535019339083, 7.732178297973403, 83.18796944073989), 7.5841522216796875)
Day:1 
(1, 8, 100, -24.534477997095827, 100.0, (3.677132468506237, 0.012988535019339083, 7.732178297973403, 19.301941119036623), 7.591997861862183)
Day:1 
(1, 9, 100, -26.634497670757604, 2304.0, (3.677132468506237, 3.149731681029055, 0.05145603220013811, 16.69027892321564), 7.601468086242676)
Day:1 
(1, 10, 100, -25.345857688008742, 2304.0, (1.5249236620408368, 1.195303038404778, 0.05145603220013811, 16.69027892321564), 7.620265960693359)
Day:1 
(1, 11, 100, -23.86422520476737, 100.0, (1.5249236620408368, 3.4350859864381245, 0.05145603220013811, 16.69027892321564), 7.845799922943115)
Day:1 
(1, 12, 100, -27.373435148099603, 49.0, (2.6312305748136255, 6.416485095616952, 6.744265825595858, 16.69027892321564), 7.495012044906616)
Day:1 
(1, 13, 100, -25.702427561120544, 361.0, (2.6312305748136255, 2.0907981864747374, 1.0986634920950846, 16.69027892321564), 7.72904896736145)
Day:1 
(1, 14, 100, -30.33723717768288, 1521.0, (0.11529414064542849, 33.1012201171444, 0.4950813227113684, 56.47183184154463), 7.609977960586548)
Day:1 
(1, 15, 100, -25.818839388384454, 225.0, (5.743829296345517, 3.026482747626711, 1.0914084007704403, 10.402401251642345), 7.3846540451049805)
Day:1 
(1, 16, 100, -25.94353622460458, 361.0, (0.5505158330063586, 2.928140506041555, 5.487957589705711, 15.376844876037655), 7.634371042251587)
Day:1 
(1, 17, 100, -27.254581311748915, 196.0, (0.5505158330063586, 2.928140506041555, 12.654079679806454, 24.354303740205037), 8.003357887268066)
Day:1 
(1, 18, 100, -21.756529789858142, 36.0, (0.01591721340786504, 0.028556179749707037, 3.670753521662838, 24.354303740205037), 7.705886125564575)
Day:1 
(1, 19, 100, -22.14606296598194, 1225.0, (0.01591721340786504, 2.52131535766292, 0.10872713274144767, 9.707641632624414), 7.882471084594727)
Day:1 
(1, 20, 100, -23.86152061013879, 49.0, (0.01591721340786504, 10.325636059036604, 1.81568038342505, 9.707641632624414), 7.935788869857788)
Day:1 
(1, 21, 100, -27.366730054441454, 2304.0, (0.01591721340786504, 10.325636059036604, 2.915786873033298, 25.912204582148753), 8.273695945739746)
Day:1 
(1, 22, 100, -26.631770564231147, 1681.0, (0.5837416890378793, 0.8319116481110126, 13.747745576044302, 5.776137399007432), 7.720067024230957)
Day:1 
(1, 23, 100, -24.721478314947277, 25.0, (0.09629226761704655, 0.8319116481110126, 9.17516294335711, 18.98365760071691), 7.850519180297852)
Day:1 
(1, 24, 100, -24.86998643030688, 441.0, (0.09629226761704655, 2.1996945604109386, 4.7528918262645234, 15.3876533939475), 7.4960777759552)
Day:1 
(1, 25, 100, -31.70600068000879, 1296.0, (12.353214758838309, 2.1996945604109386, 42.72732363176353, 15.3876533939475), 7.857135057449341)
Day:1 
(1, 26, 100, -29.79346994750951, 4.0, (12.353214758838309, 6.454413200731023, 5.5997582002085755, 36.06132464926707), 7.604696989059448)
Day:1 
(1, 27, 100, -26.889642614636514, 49.0, (0.40726579564558396, 4.1723412785507135, 6.090854160851811, 30.299982806153256), 7.61899995803833)
Day:1 
(1, 28, 100, -27.021698265843245, 4.0, (8.116691492061339, 0.4078193515920945, 6.090854160851811, 25.04115417109332), 7.608550071716309)
Day:1 
(1, 29, 100, -29.802998793764406, 576.0, (6.820957335550104, 7.373218477512528, 22.352631381561366, 13.15005826711263), 7.620836019515991)
Day:1 
(1, 30, 100, -25.439824217921764, 729.0, (0.24595907593477487, 2.1223083014208344, 1.9865018131660575, 20.423479609378006), 7.899226903915405)
Day:1 
(1, 31, 100, -27.504509307427455, 529.0, (0.28762281143444424, 22.86106136508178, 1.9865018131660575, 20.423479609378006), 7.837719202041626)
Day:1 
(1, 32, 100, -26.64645525448023, 289.0, (1.769884723382102, 2.717857516134172, 4.081531226288243, 20.423479609378006), 8.007066011428833)
Day:1 
(1, 33, 100, -26.65968037979578, 16.0, (11.99547904513402, 2.515106621183385, 1.4882185452310324, 14.017886032546519), 7.903519868850708)
Day:1 
(1, 34, 100, -18.087764246943376, 289.0, (3.568896229083535, 8.721953460272759e-06, 0.10474069650859082, 14.017886032546519), 7.775442123413086)
Day:1 
(1, 35, 100, -29.108872954872012, 1089.0, (8.38542620373821, 1.6042529762579845, 16.702123540369488, 14.017886032546519), 8.098176956176758)
Day:1 
(1, 36, 100, -30.533459747641047, 2500.0, (16.14987282439171, 4.97052577389656, 3.040219131304012, 16.653000079769534), 7.751359939575195)
Day:1 
(1, 37, 100, -25.39489795777709, 1521.0, (0.5564249171207208, 1.3481727006109876, 2.5553047333717087, 7.104287805005027), 7.519565105438232)
Day:1 
(1, 38, 100, -25.26431659669423, 169.0, (4.273215472841451, 1.233371241053798, 2.5553047333717087, 7.799834409408272), 7.877697944641113)
Day:1 
(1, 39, 100, -29.86818622565177, 400.0, (4.273215472841451, 1.3829401360760665, 57.91644112073374, 7.799834409408272), 8.15971302986145)
Day:1 
(1, 40, 100, -29.14522464074218, 1089.0, (1.3063144126061748, 1.3829401360760665, 5.701949309895301, 50.962682337508), 7.788569927215576)
Day:1 
(1, 41, 100, -31.336920325367686, 36.0, (1.3357389812832254, 21.38496817209706, 14.360706026761326, 50.962682337508), 7.675834894180298)
Day:1 
(1, 42, 100, -27.485044797116338, 225.0, (0.43715937888408457, 3.4123719195711804, 14.360706026761326, 25.649079518949428), 7.659377098083496)
Day:1 
(1, 43, 100, -29.649305316895845, 2916.0, (0.9396009344705648, 5.166799734764315, 5.923813105939804, 21.826861357458554), 7.8001179695129395)
Day:1 
(1, 44, 100, -27.129859736198114, 1089.0, (5.556408486640663, 1.3812740902403966, 5.923813105939804, 7.658872385755948), 7.705106019973755)
Day:1 
(1, 45, 100, -23.6243710391971, 25.0, (7.567554069877782, 1.3812740902403966, 0.0300335957130593, 11.640689965751172), 7.934700012207031)
Day:1 
(1, 46, 100, -26.08829182290008, 100.0, (0.1530905614360843, 1.3934218909599165, 26.258409272084236, 11.640689965751172), 7.697293043136597)
Day:1 
(1, 47, 100, -34.266625408029185, 2916.0, (3.7799144157058557, 13.003024250064554, 39.19114335641843, 26.315300318912573), 7.952180862426758)
Day:1 
(1, 48, 100, -27.47221316595935, 729.0, (5.103383390044658, 1.9491694885223754, 1.8259974036611075, 26.315300318912573), 7.826728105545044)
Day:1 
(1, 49, 100, -29.19818379479961, 1521.0, (3.4973886049208187, 1.9491694885223754, 1.8259974036611075, 43.81474010567299), 8.05969500541687)
Day:1 
(1, 50, 100, -26.6501197179962, 324.0, (16.717364339152574, 1.9491694885223754, 0.43021886898514794, 15.068805212341355), 7.703430891036987)
Day:1 
(1, 51, 100, -25.12546353602084, 256.0, (3.9521379397321823, 0.13981488644662093, 2.174868189842168, 20.46188971478503), 7.705018043518066)
Day:1 
(1, 52, 100, -29.231287313974782, 225.0, (15.338279333952908, 17.713693765884493, 1.0067050565572333, 20.46188971478503), 7.732511043548584)
Day:1 
(1, 53, 100, -29.610869097882322, 324.0, (15.338279333952908, 1.5763427466739335, 1.0067050565572333, 57.226201050174886), 8.09166693687439)
Day:1 
(1, 54, 100, -32.07718866702774, 16.0, (15.338279333952908, 25.793876223782227, 1.3317428199646049, 57.226201050174886), 8.106194972991943)
Day:1 
(1, 55, 100, -26.897431946691754, 81.0, (0.6385154959148185, 0.8432972203684405, 1.4054319789209806, 57.226201050174886), 7.790485143661499)
Day:1 
(1, 56, 100, -25.81177852010498, 25.0, (0.9146429465008314, 3.290019272915299, 5.8764603645590165, 12.940969104370946), 7.661391019821167)
Day:1 
(1, 57, 100, -26.418993686072294, 225.0, (7.831735875655589, 0.5671120522693646, 5.946205782321602, 12.940969104370946), 8.030834913253784)
Day:1 
(1, 58, 100, -25.611280705361537, 484.0, (0.03317774216682198, 17.17042591775371, 2.0294647906597727, 12.940969104370946), 8.242805004119873)
Day:1 
(1, 59, 100, -25.37203642535453, 841.0, (1.4233366463689519, 0.2849244749081534, 4.777107100366381, 12.940969104370946), 7.6556971073150635)
Day:1 
(1, 60, 100, -27.83363819638611, 9.0, (0.40647712040432027, 8.055585312159947, 30.99062128165197, 7.984420984193099), 7.908394813537598)
Day:1 
(1, 61, 100, -22.591929423094882, 729.0, (0.0012518111989887606, 8.634418248867084, 0.6674029912614653, 13.368299802292768), 7.903806209564209)
Day:1 
(1, 62, 100, -21.84012206454982, 4.0, (0.0012518111989887606, 7.105662215700565, 0.842329772078863, 13.368299802292768), 7.898072957992554)
Day:1 
(1, 63, 100, -23.82206976664971, 361.0, (10.92391941915901, 0.0028984292605757408, 1.342253822312328, 9.025320066258518), 7.77520489692688)
Day:1 
(1, 64, 100, -19.938566446545142, 169.0, (0.025028814817224507, 0.65145942571827, 0.034119063065667886, 9.025320066258518), 8.047168016433716)
Day:1 
(1, 65, 100, -22.72003693061122, 1.0, (0.025028814817224507, 2.6755481359457245, 0.6531007741942041, 16.09413031253013), 7.809802055358887)
Day:1 
(1, 66, 100, -24.893156985278154, 25.0, (3.6877325970151773, 0.4021018218811435, 3.2614431997778035, 11.415152935298996), 7.646401882171631)
Day:1 
(1, 67, 100, -25.329061295324724, 0.0, (4.369764611402226, 1.2310046724094459, 3.2614431997778035, 8.763840004603413), 8.10471510887146)
Day:1 
(1, 68, 100, -24.98860073527095, 81.0, (4.369764611402226, 2.5333074179682673, 0.447239087333453, 7.803032374988555), 7.760779857635498)
Day:1 
(1, 69, 100, -26.736864680877044, 729.0, (4.369764611402226, 2.5333074179682673, 0.8375183367273148, 21.49479492673665), 8.11683201789856)
Day:1 
(1, 70, 100, -26.881511128293447, 196.0, (4.369764611402226, 5.760593350651179, 0.9595324953104981, 21.49479492673665), 8.018064975738525)
Day:1 
(1, 71, 100, -24.99996779376147, 100.0, (1.3604784831910044, 1.282677919619057, 0.855162511982577, 21.49479492673665), 7.799178123474121)
Day:1 
(1, 72, 100, -25.335595156665555, 121.0, (2.415989995238691, 1.282677919619057, 0.8171639828904893, 21.49479492673665), 8.05071496963501)
Day:1 
(1, 73, 100, -27.84162889249269, 256.0, (5.08346384161272, 1.4637453218589207, 10.847823633639756, 21.49479492673665), 7.691334009170532)
Day:1 
(1, 74, 100, -22.04209105786552, 484.0, (5.08346384161272, 0.00011644918568531795, 1.1091518372854616, 26.658007017475757), 7.803528070449829)
Day:1 
(1, 75, 100, -25.85195939555402, 400.0, (0.014639288055479587, 24.470590586792273, 0.7026330212287454, 26.658007017475757), 7.6726179122924805)
Day:1 
(1, 76, 100, -33.370670128343946, 362.0, (0.07834775201558623, 31.824955555101415, 16.406590930806413, 16.297429087429546), 7.678110122680664)
Day:1 
(1, 77, 100, -25.981491999159964, 289.0, (0.0011026232814746473, 10.690878084261513, 30.51831720086764, 16.297429087429546), 8.042630910873413)
Day:1 
(1, 78, 100, -28.856749142712314, 1.0, (1.8435635566871285, 1.6373288908503356, 47.48278834710908, 12.677405218501022), 7.654819965362549)
Day:1 
(1, 79, 100, -28.216753432401177, 1681.0, (0.4797509722478371, 3.4578494846828884, 3.357448369291956, 33.70774117630043), 7.628878116607666)
Day:1 
(1, 80, 100, -26.24017210402828, 16.0, (0.4797509722478371, 3.4578494846828884, 16.835955330087415, 9.459799384974087), 7.631343841552734)
Day:1 
(1, 81, 100, -30.400179095648234, 122.0, (0.4797509722478371, 10.057890200957129, 2.4692330697833884, 9.459799384974087), 8.236356973648071)
Day:1 
(1, 82, 100, -23.119622162404337, 36.0, (0.733234013995127, 0.7930304574737489, 0.19241232113892132, 15.775490686996738), 7.752259016036987)
Day:1 
(1, 83, 100, -29.02362062730432, 900.0, (3.658938368267575, 1.9284125228179383, 24.234484405582393, 15.775490686996738), 7.782083034515381)
Day:1 
(1, 84, 100, -32.31544662464814, 676.0, (12.289038393542153, 4.546656968916547, 53.6577471587688, 15.775490686996738), 8.119374990463257)
Day:1 
(1, 85, 100, -26.578062166281647, 64.0, (4.75100013717091, 4.117515038668704, 2.1788892535779296, 15.775490686996738), 8.015944004058838)
Day:1 
(1, 86, 100, -31.477224184959766, 2304.0, (10.29500756253217, 4.117515038668704, 20.921220104158277, 15.775490686996738), 8.05069613456726)
Day:1 
(1, 87, 100, -30.373069313845452, 400.0, (7.774070639200614, 14.888604379550932, 18.173890309518928, 15.775490686996738), 8.218662977218628)
Day:1 
(1, 88, 100, -28.580506536258, 16.0, (14.879042558144548, 16.880802106394032, 0.2439055416158433, 26.78233000813927), 7.877819061279297)
Day:1 
(1, 89, 100, -28.588319701177234, 169.0, (0.40646788236829406, 10.980247571063384, 16.04199713354807, 26.78233000813927), 7.879158973693848)
Day:1 
(1, 90, 100, -27.662741418265455, 100.0, (13.28919794412423, 10.980247571063384, 0.12039029496796001, 26.78233000813927), 8.354857921600342)
Day:1 
(1, 91, 100, -28.509659486711648, 625.0, (15.085555845969864, 12.642902562869885, 0.12039029496796001, 26.78233000813927), 8.096457958221436)
Day:1 
(1, 92, 100, -27.423007418626742, 9.0, (3.3242856081187124, 17.19587689235779, 0.12039029496796001, 13.73958655184544), 7.848957061767578)
Day:1 
(1, 93, 100, -26.295925640412847, 729.0, (0.5294807113170642, 2.2204154393713997, 13.464760108098814, 7.877762696679939), 8.215267896652222)
Day:1 
(1, 94, 100, -26.996970690822728, 841.0, (0.18096648258798032, 0.8387704800606367, 18.297230933123732, 23.178140025058507), 7.975680112838745)
Day:1 
(1, 95, 100, -27.76604177156653, 625.0, (0.18096648258798032, 6.940812293523716, 21.560286920642366, 15.1343805436407), 7.741384029388428)
Day:1 
(1, 96, 100, -27.144378691538016, 196.0, (3.649825384429923, 0.33927845585833527, 21.560286920642366, 15.1343805436407), 8.082263946533203)
Day:1 
(1, 97, 100, -23.868412566067867, 361.0, (17.753917877012906, 0.33927845585833527, 0.00980818928544088, 13.98239121508783), 7.984665870666504)
Day:1 
(1, 98, 100, -27.27743563443325, 400.0, (5.421867643667798, 0.7549283815544326, 12.747587559811798, 13.98239121508783), 8.226109027862549)
Day:1 
(1, 99, 100, -27.428593539241234, 16.0, (5.421867643667798, 4.67166424066528, 3.44832316330465, 21.061872569693197), 7.941982984542847)
Day:1 
(1, 100, 100, -26.53493778392223, 16.0, (5.421867643667798, 4.0041030935589585, 4.256791845075046, 9.781204826011686), 8.038511037826538)
Day:2 
(2, 0, 100, -10159.240303050105, 1173794.0, (5.421867643667798, 4.0041030935589585, 4.256791845075046, 9.781204826011686), 10.283277988433838)
Day:2 
(2, 1, 100, -701.2910317425478, 74921.0, (0.48610231806218074, 4.0041030935589585, 14.33952969558878, 8.01884544939045), 38.84406805038452)
Day:2 
(2, 2, 100, -684.3020872056471, 70005.0, (0.48610231806218074, 4.0041030935589585, 14.33952969558878, 8.01884544939045), 64.28903198242188)
Day:2 
(2, 3, 100, -678.3988632549276, 68361.0, (0.48610231806218074, 4.0041030935589585, 14.33952969558878, 8.01884544939045), 52.26537799835205)
Day:2 
(2, 4, 100, -681.4167748436537, 68370.0, (0.48610231806218074, 4.0041030935589585, 14.33952969558878, 8.01884544939045), 53.833832025527954)
Day:2 
(2, 5, 100, -675.8648424147051, 68075.0, (0.48610231806218074, 4.0041030935589585, 14.33952969558878, 8.01884544939045), 63.1217839717865)
Day:2 
(2, 6, 100, -672.899985778627, 67161.0, (0.48610231806218074, 4.0041030935589585, 14.33952969558878, 8.01884544939045), 47.14900612831116)
Day:2 
(2, 7, 100, -673.80960816953, 67416.0, (0.48610231806218074, 4.0041030935589585, 14.33952969558878, 8.01884544939045), 59.125324964523315)
Day:2 
(2, 8, 100, -636.6061745668017, 65494.0, (0.48610231806218074, 4.0041030935589585, 14.33952969558878, 8.01884544939045), 63.75834584236145)
Day:2 
(2, 9, 100, -637.392909718428, 65518.0, (0.48610231806218074, 4.0041030935589585, 14.33952969558878, 8.01884544939045), 54.657302141189575)
Day:2 
(2, 10, 100, -637.0931796818844, 65524.0, (0.48610231806218074, 4.0041030935589585, 14.33952969558878, 8.01884544939045), 55.240402936935425)
Day:2 
(2, 11, 100, -636.5676969613203, 65441.0, (0.48610231806218074, 4.0041030935589585, 14.33952969558878, 8.01884544939045), 50.13755798339844)
Day:2 
(2, 12, 100, -629.3129184420545, 63720.0, (0.48610231806218074, 4.0041030935589585, 14.33952969558878, 8.01884544939045), 47.08770298957825)
Day:2 
(2, 13, 100, -610.6590680779256, 58787.0, (0.48610231806218074, 4.0041030935589585, 14.33952969558878, 8.01884544939045), 49.169419050216675)
Day:2 
(2, 14, 100, -605.8003102080144, 57290.0, (0.48610231806218074, 4.0041030935589585, 14.33952969558878, 8.01884544939045), 57.47880697250366)
Day:2 
(2, 15, 100, -606.3930903506451, 56969.0, (0.48610231806218074, 4.0041030935589585, 14.33952969558878, 8.01884544939045), 42.37041997909546)
Day:2 
(2, 16, 100, -605.1712483915027, 56865.0, (0.48610231806218074, 4.0041030935589585, 14.33952969558878, 8.01884544939045), 48.298458099365234)
Day:2 
(2, 17, 100, -607.1446736917014, 56903.0, (0.48610231806218074, 4.0041030935589585, 14.33952969558878, 8.01884544939045), 61.99502205848694)
Day:2 
(2, 18, 100, -607.9425089275709, 56952.0, (0.48610231806218074, 4.0041030935589585, 14.33952969558878, 8.01884544939045), 51.98118495941162)
Day:2 
(2, 19, 100, -608.2781035238742, 56949.0, (0.48610231806218074, 4.0041030935589585, 14.33952969558878, 8.01884544939045), 47.2472779750824)
Day:2 
(2, 20, 100, -609.9354070427686, 56935.0, (0.48610231806218074, 4.0041030935589585, 14.33952969558878, 8.01884544939045), 53.67935299873352)
Day:2 
(2, 21, 100, -609.5040551155461, 57572.0, (0.48610231806218074, 4.0041030935589585, 14.33952969558878, 8.01884544939045), 59.220053911209106)
Day:2 
(2, 22, 100, -612.5882855953306, 57681.0, (0.48610231806218074, 4.0041030935589585, 14.33952969558878, 8.01884544939045), 58.42709016799927)
Day:2 
(2, 23, 100, -609.1037083752589, 57796.0, (0.48610231806218074, 4.0041030935589585, 14.33952969558878, 8.01884544939045), 51.06171989440918)
Day:2 
(2, 24, 100, -604.5024055160222, 56281.0, (0.48610231806218074, 4.0041030935589585, 14.33952969558878, 8.01884544939045), 48.49716305732727)
Day:2 
(2, 25, 100, -593.4231885619104, 56360.0, (0.48610231806218074, 4.0041030935589585, 14.33952969558878, 8.01884544939045), 56.76607084274292)
Day:2 
(2, 26, 100, -596.0988875233189, 56516.0, (0.48610231806218074, 4.0041030935589585, 14.33952969558878, 8.01884544939045), 52.37708806991577)
Day:2 
(2, 27, 100, -596.6538403717403, 56324.0, (0.48610231806218074, 4.0041030935589585, 14.33952969558878, 8.01884544939045), 60.868924140930176)
Day:2 
(2, 28, 100, -595.5043514660368, 56412.0, (0.48610231806218074, 4.0041030935589585, 14.33952969558878, 8.01884544939045), 51.7713828086853)
Day:2 
(2, 29, 100, -593.8689377597319, 56207.0, (0.48610231806218074, 4.0041030935589585, 14.33952969558878, 8.01884544939045), 67.65402007102966)
Day:2 
(2, 30, 100, -592.235556320592, 56247.0, (0.48610231806218074, 4.0041030935589585, 14.33952969558878, 8.01884544939045), 59.011462926864624)
Day:2 
(2, 31, 100, -592.3882971846364, 56210.0, (0.48610231806218074, 4.0041030935589585, 14.33952969558878, 8.01884544939045), 55.87233805656433)
Day:2 
(2, 32, 100, -591.3713670675552, 56222.0, (0.48610231806218074, 4.0041030935589585, 14.33952969558878, 8.01884544939045), 54.67279505729675)
Day:2 
(2, 33, 100, -590.9130600182028, 56187.0, (0.48610231806218074, 4.0041030935589585, 14.33952969558878, 8.01884544939045), 58.36019206047058)
Day:2 
(2, 34, 100, -591.5610136425794, 56153.0, (0.48610231806218074, 4.0041030935589585, 14.33952969558878, 8.01884544939045), 53.58844995498657)
Day:2 
(2, 35, 100, -589.9101021977658, 56037.0, (0.48610231806218074, 4.0041030935589585, 14.33952969558878, 8.01884544939045), 47.88312792778015)
Day:2 
(2, 36, 100, -590.4036714781331, 55925.0, (0.48610231806218074, 4.0041030935589585, 14.33952969558878, 8.01884544939045), 55.8786780834198)
Day:2 
(2, 37, 100, -588.8074180565012, 55845.0, (0.48610231806218074, 4.0041030935589585, 14.33952969558878, 8.01884544939045), 64.92738795280457)
Day:2 
(2, 38, 100, -589.9973184421932, 55821.0, (0.48610231806218074, 4.0041030935589585, 14.33952969558878, 8.01884544939045), 60.62678003311157)
Day:2 
(2, 39, 100, -590.6568417459072, 55869.0, (0.48610231806218074, 4.0041030935589585, 14.33952969558878, 8.01884544939045), 47.43753099441528)
Day:2 
(2, 40, 100, -591.8697834442513, 55852.0, (0.48610231806218074, 4.0041030935589585, 14.33952969558878, 8.01884544939045), 72.3438229560852)
Day:2 
(2, 41, 100, -595.3976235421018, 55970.0, (0.48610231806218074, 4.0041030935589585, 14.33952969558878, 8.01884544939045), 57.04559111595154)
Day:2 
(2, 42, 100, -592.9161133495483, 56007.0, (0.48610231806218074, 4.0041030935589585, 14.33952969558878, 8.01884544939045), 58.794872999191284)
Day:2 
(2, 43, 100, -589.9064577115417, 55816.0, (0.48610231806218074, 4.0041030935589585, 14.33952969558878, 8.01884544939045), 59.26258993148804)
Day:2 
(2, 44, 100, -590.2462029296078, 55821.0, (0.48610231806218074, 4.0041030935589585, 14.33952969558878, 8.01884544939045), 59.429396867752075)
Day:2 
(2, 45, 100, -589.4833391531924, 55846.0, (0.48610231806218074, 4.0041030935589585, 14.33952969558878, 8.01884544939045), 48.35200119018555)
Day:2 
(2, 46, 100, -589.9355661389696, 55902.0, (0.48610231806218074, 4.0041030935589585, 14.33952969558878, 8.01884544939045), 52.71692085266113)
Day:2 
(2, 47, 100, -589.7154151379975, 55800.0, (0.48610231806218074, 4.0041030935589585, 14.33952969558878, 8.01884544939045), 44.887059926986694)
Day:2 
(2, 48, 100, -589.2241982466378, 55857.0, (0.48610231806218074, 4.0041030935589585, 14.33952969558878, 8.01884544939045), 49.01788115501404)
Day:2 
(2, 49, 100, -589.133669294235, 55833.0, (0.48610231806218074, 4.0041030935589585, 14.33952969558878, 8.01884544939045), 57.21631193161011)
Day:2 
(2, 50, 100, -588.8812566497295, 55817.0, (0.48610231806218074, 4.0041030935589585, 14.33952969558878, 8.01884544939045), 52.551141023635864)
Day:2 
(2, 51, 100, -591.3483504183736, 55849.0, (0.48610231806218074, 4.0041030935589585, 14.33952969558878, 8.01884544939045), 51.83075308799744)
Day:2 
(2, 52, 100, -588.7127426981621, 55708.0, (0.48610231806218074, 4.0041030935589585, 14.33952969558878, 8.01884544939045), 50.92556881904602)
Day:2 
(2, 53, 100, -589.7072633084824, 55573.0, (0.48610231806218074, 4.0041030935589585, 14.33952969558878, 8.01884544939045), 45.23022413253784)
Day:2 
(2, 54, 100, -587.7029103531178, 55556.0, (0.48610231806218074, 4.0041030935589585, 14.33952969558878, 8.01884544939045), 58.25579905509949)
Day:2 
(2, 55, 100, -592.2885134011964, 55628.0, (0.48610231806218074, 4.0041030935589585, 14.33952969558878, 8.01884544939045), 66.19720792770386)
Day:2 
(2, 56, 100, -593.1550402047557, 56047.0, (0.48610231806218074, 4.0041030935589585, 14.33952969558878, 8.01884544939045), 83.7686378955841)
Day:2 
(2, 57, 100, -588.0953850385627, 54687.0, (0.48610231806218074, 4.0041030935589585, 14.33952969558878, 8.01884544939045), 57.96587419509888)
Day:2 
(2, 58, 100, -588.6020763907611, 54705.0, (0.48610231806218074, 4.0041030935589585, 14.33952969558878, 8.01884544939045), 61.10802698135376)
Day:2 
(2, 59, 100, -587.8257473039321, 54845.0, (0.48610231806218074, 4.0041030935589585, 14.33952969558878, 8.01884544939045), 79.30208683013916)
Day:2 
(2, 60, 100, -591.1730874536703, 54887.0, (0.48610231806218074, 4.0041030935589585, 14.33952969558878, 8.01884544939045), 63.7669939994812)
Day:2 
(2, 61, 100, -589.753731691841, 55269.0, (0.48610231806218074, 4.0041030935589585, 14.33952969558878, 8.01884544939045), 67.79777002334595)
Day:2 
(2, 62, 100, -590.134458797851, 55412.0, (0.48610231806218074, 4.0041030935589585, 14.33952969558878, 8.01884544939045), 58.21205401420593)
Day:2 
(2, 63, 100, -588.6804534246165, 55298.0, (0.48610231806218074, 4.0041030935589585, 14.33952969558878, 8.01884544939045), 69.81596803665161)
Day:2 
(2, 64, 100, -589.4522349754444, 56144.0, (0.48610231806218074, 4.0041030935589585, 14.33952969558878, 8.01884544939045), 55.07669496536255)
Day:2 
(2, 65, 100, -588.9550832240701, 56141.0, (0.48610231806218074, 4.0041030935589585, 14.33952969558878, 8.01884544939045), 56.49500393867493)
Day:2 
(2, 66, 100, -591.5434935635438, 56101.0, (0.48610231806218074, 4.0041030935589585, 14.33952969558878, 8.01884544939045), 59.700523138046265)
Day:2 
(2, 67, 100, -588.6802910996552, 55913.0, (0.48610231806218074, 4.0041030935589585, 14.33952969558878, 8.01884544939045), 57.536843061447144)
Day:2 
(2, 68, 100, -590.2671160933588, 55795.0, (0.48610231806218074, 4.0041030935589585, 14.33952969558878, 8.01884544939045), 60.08123588562012)
Day:2 
(2, 69, 100, -589.820024117247, 55796.0, (0.48610231806218074, 4.0041030935589585, 14.33952969558878, 8.01884544939045), 73.155198097229)
Day:2 
(2, 70, 100, -592.2702690047747, 56069.0, (0.48610231806218074, 4.0041030935589585, 14.33952969558878, 8.01884544939045), 50.90841102600098)
Day:2 
(2, 71, 100, -590.8582301893879, 55985.0, (0.48610231806218074, 4.0041030935589585, 14.33952969558878, 8.01884544939045), 53.714417934417725)
Day:2 
(2, 72, 100, -591.8935413308504, 56067.0, (0.48610231806218074, 4.0041030935589585, 14.33952969558878, 8.01884544939045), 56.75067400932312)
Day:2 
(2, 73, 100, -590.5839365197911, 56147.0, (0.48610231806218074, 4.0041030935589585, 14.33952969558878, 8.01884544939045), 59.377644062042236)
Day:2 
(2, 74, 100, -589.9893830275461, 56100.0, (0.48610231806218074, 4.0041030935589585, 14.33952969558878, 8.01884544939045), 65.07039093971252)
Day:2 
(2, 75, 100, -590.8293593128905, 56339.0, (0.48610231806218074, 4.0041030935589585, 14.33952969558878, 8.01884544939045), 43.04265999794006)
Day:2 
(2, 76, 100, -591.7902546051239, 56307.0, (0.48610231806218074, 4.0041030935589585, 14.33952969558878, 8.01884544939045), 54.22123694419861)
Day:2 
(2, 77, 100, -592.2573454541124, 55518.0, (0.48610231806218074, 4.0041030935589585, 14.33952969558878, 8.01884544939045), 48.05631899833679)
Day:2 
(2, 78, 100, -593.4292841501466, 56216.0, (0.48610231806218074, 4.0041030935589585, 14.33952969558878, 8.01884544939045), 60.17346906661987)
Day:2 
(2, 79, 100, -595.4413172679598, 56215.0, (0.48610231806218074, 4.0041030935589585, 14.33952969558878, 8.01884544939045), 49.67717695236206)
Day:2 
(2, 80, 100, -593.1082619574787, 56083.0, (0.48610231806218074, 4.0041030935589585, 14.33952969558878, 8.01884544939045), 50.686630964279175)
Day:2 
(2, 81, 100, -590.7901131156128, 56079.0, (0.48610231806218074, 4.0041030935589585, 14.33952969558878, 8.01884544939045), 49.79808211326599)
Day:2 
(2, 82, 100, -591.3044708984228, 56417.0, (0.48610231806218074, 4.0041030935589585, 14.33952969558878, 8.01884544939045), 69.93464779853821)
Day:2 
(2, 83, 100, -591.7512143500218, 56481.0, (0.48610231806218074, 4.0041030935589585, 14.33952969558878, 8.01884544939045), 68.58817505836487)
Day:2 
(2, 84, 100, -592.0035986773634, 55417.0, (0.48610231806218074, 4.0041030935589585, 14.33952969558878, 8.01884544939045), 60.36329698562622)
Day:2 
(2, 85, 100, -591.2426862572614, 55470.0, (0.48610231806218074, 4.0041030935589585, 14.33952969558878, 8.01884544939045), 69.74157810211182)
Day:2 
(2, 86, 100, -592.4344533205834, 55497.0, (0.48610231806218074, 4.0041030935589585, 14.33952969558878, 8.01884544939045), 81.27624297142029)
Day:2 
(2, 87, 100, -591.6044963365713, 55414.0, (0.48610231806218074, 4.0041030935589585, 14.33952969558878, 8.01884544939045), 70.16318702697754)
Day:2 
(2, 88, 100, -591.9010943291817, 55480.0, (0.48610231806218074, 4.0041030935589585, 14.33952969558878, 8.01884544939045), 79.30053400993347)
Day:2 
(2, 89, 100, -592.7798569273384, 55394.0, (0.48610231806218074, 4.0041030935589585, 14.33952969558878, 8.01884544939045), 72.71323585510254)
Day:2 
(2, 90, 100, -591.8997020021294, 55385.0, (0.48610231806218074, 4.0041030935589585, 14.33952969558878, 8.01884544939045), 77.27942609786987)
Day:2 
(2, 91, 100, -592.1071142745478, 55486.0, (0.48610231806218074, 4.0041030935589585, 14.33952969558878, 8.01884544939045), 66.86681389808655)
Day:2 
(2, 92, 100, -488.8141570443778, 50653.0, (2.4584314310785573, 4.0041030935589585, 14.33952969558878, 8.01884544939045), 69.18210411071777)
Day:2 
(2, 93, 100, -487.0686526688023, 48982.0, (2.4584314310785573, 4.0041030935589585, 14.33952969558878, 8.01884544939045), 72.06704807281494)
Day:2 
(2, 94, 100, -485.4762422304213, 49034.0, (2.4584314310785573, 4.0041030935589585, 14.33952969558878, 8.01884544939045), 64.73779201507568)
Day:2 
(2, 95, 100, -480.5701252670121, 45014.0, (2.4584314310785573, 4.0041030935589585, 14.33952969558878, 8.01884544939045), 75.97129797935486)
Day:2 
(2, 96, 100, -475.4439535548179, 43414.0, (2.4584314310785573, 4.0041030935589585, 14.33952969558878, 8.01884544939045), 71.25458693504333)
Day:2 
(2, 97, 100, -473.8696931344812, 43142.0, (2.4584314310785573, 4.0041030935589585, 14.33952969558878, 8.01884544939045), 51.75697302818298)
Day:2 
(2, 98, 100, -476.6243186094741, 43850.0, (2.4584314310785573, 4.0041030935589585, 14.33952969558878, 8.01884544939045), 59.988977909088135)
Day:2 
(2, 99, 100, -478.13697166795316, 45626.0, (2.4584314310785573, 4.0041030935589585, 14.33952969558878, 8.01884544939045), 59.14326500892639)
Day:2 
(2, 100, 100, -473.36112412848786, 42550.0, (2.4584314310785573, 4.0041030935589585, 14.33952969558878, 8.01884544939045), 45.55972599983215)