
Day:1 
(1, 0, 100, -22775170.56597944, 1352676214952.0, (11.915027167574387, 6.585683754669293, 20.230884381912343, 0.7293990449333693), 4.192065954208374)
Day:1 
(1, 1, 100, -2465.3935477328305, 51068084.0, (3.893671196056091, 8.906526925190287, 10.247319418808152, 8.76350386001115), 31.734550952911377)
Day:1 
(1, 2, 100, -1905.6842311761402, 4482019.0, (2.012818234508938, 6.953850272189602, 11.806390227908848, 7.4544308973635), 32.14407801628113)
Day:1 
(1, 3, 100, -1839.0749705690973, 4406623.0, (2.012818234508938, 6.953850272189602, 11.806390227908848, 7.4544308973635), 32.47631597518921)
Day:1 
(1, 4, 100, -1227.8787816332124, 23177763.0, (6.613279949118734, 10.920169531541157, 20.249229636609403, 10.898410622030147), 32.41983413696289)
Day:1 
(1, 5, 100, -1227.1508670448316, 22079351.0, (6.613279949118734, 10.920169531541157, 20.249229636609403, 10.898410622030147), 32.740885972976685)
Day:1 
(1, 6, 100, -1219.3692310724782, 16906661.0, (6.613279949118734, 10.920169531541157, 20.249229636609403, 10.898410622030147), 33.09945583343506)
Day:1 
(1, 7, 100, -1221.2870986658181, 16908668.0, (6.613279949118734, 10.920169531541157, 20.249229636609403, 10.898410622030147), 32.915603160858154)
Day:1 
(1, 8, 100, -1224.4612481376762, 17965619.0, (6.613279949118734, 10.920169531541157, 20.249229636609403, 10.898410622030147), 33.423075914382935)
Day:1 
(1, 9, 100, -1216.0416823999121, 17963352.0, (6.613279949118734, 10.920169531541157, 20.249229636609403, 10.898410622030147), 32.90065097808838)
Day:1 
(1, 10, 100, -1215.8453654992609, 16620270.0, (6.613279949118734, 10.920169531541157, 20.249229636609403, 10.898410622030147), 32.95822501182556)
Day:1 
(1, 11, 100, -1216.1154710753685, 16621465.0, (6.613279949118734, 10.920169531541157, 20.249229636609403, 10.898410622030147), 32.99567890167236)
Day:1 
(1, 12, 100, -1210.9762576504936, 16502687.0, (6.613279949118734, 10.920169531541157, 20.249229636609403, 10.898410622030147), 33.03370022773743)
Day:1 
(1, 13, 100, -1209.9380852656516, 15927250.0, (6.613279949118734, 10.920169531541157, 20.249229636609403, 10.898410622030147), 33.023462772369385)
Day:1 
(1, 14, 100, -1209.4562144139275, 12759520.0, (6.613279949118734, 10.920169531541157, 20.249229636609403, 10.898410622030147), 33.024139165878296)
Day:1 
(1, 15, 100, -1211.4612568108003, 12760296.0, (6.613279949118734, 10.920169531541157, 20.249229636609403, 10.898410622030147), 32.992435932159424)
Day:1 
(1, 16, 100, -422.16069990628307, 2718108.0, (5.023008089459924, 11.489224756996418, 4.147117723642537, 10.630523129805546), 32.64326500892639)
Day:1 
(1, 17, 100, -418.54565617220567, 2704623.0, (5.023008089459924, 11.489224756996418, 4.147117723642537, 10.630523129805546), 32.85966396331787)
Day:1 
(1, 18, 100, -416.49427552229, 1696919.0, (5.023008089459924, 11.489224756996418, 4.147117723642537, 10.630523129805546), 32.831624031066895)
Day:1 
(1, 19, 100, -402.3805425554986, 2541418.0, (5.023008089459924, 11.489224756996418, 4.147117723642537, 10.630523129805546), 33.4831109046936)
Day:1 
(1, 20, 100, -405.87494172760574, 3366228.0, (5.023008089459924, 11.489224756996418, 4.147117723642537, 10.630523129805546), 33.144124031066895)
Day:1 
(1, 21, 100, -404.1034180330027, 1897213.0, (5.023008089459924, 11.489224756996418, 4.147117723642537, 10.630523129805546), 32.9299681186676)
Day:1 
(1, 22, 100, -394.28083321482916, 1711267.0, (5.023008089459924, 11.489224756996418, 4.147117723642537, 10.630523129805546), 33.27996587753296)
Day:1 
(1, 23, 100, -391.1037741433216, 6130398.0, (5.023008089459924, 11.489224756996418, 4.147117723642537, 10.630523129805546), 33.424216985702515)
Day:1 
(1, 24, 100, -396.4608065240909, 3032380.0, (5.023008089459924, 11.489224756996418, 4.147117723642537, 10.630523129805546), 33.44576811790466)
Day:1 
(1, 25, 100, -393.17438419255296, 1762649.0, (5.023008089459924, 11.489224756996418, 4.147117723642537, 10.630523129805546), 33.23932695388794)
Day:1 
(1, 26, 100, -392.5015120403284, 1767796.0, (5.023008089459924, 11.489224756996418, 4.147117723642537, 10.630523129805546), 33.255789041519165)
Day:1 
(1, 27, 100, -390.4178802516918, 3616616.0, (5.023008089459924, 11.489224756996418, 4.147117723642537, 10.630523129805546), 33.36582088470459)
Day:1 
(1, 28, 100, -389.8876495129977, 3615439.0, (5.023008089459924, 11.489224756996418, 4.147117723642537, 10.630523129805546), 33.28303503990173)
Day:1 
(1, 29, 100, -392.6906009386861, 1358150.0, (5.023008089459924, 11.489224756996418, 4.147117723642537, 10.630523129805546), 33.38453006744385)
Day:1 
(1, 30, 100, -392.2496730559475, 3787770.0, (5.023008089459924, 11.489224756996418, 4.147117723642537, 10.630523129805546), 33.340126037597656)
Day:1 
(1, 31, 100, -389.4412604451288, 1435591.0, (5.023008089459924, 11.489224756996418, 4.147117723642537, 10.630523129805546), 33.34612202644348)
Day:1 
(1, 32, 100, -386.4475253157084, 1431069.0, (5.023008089459924, 11.489224756996418, 4.147117723642537, 10.630523129805546), 33.39760684967041)
Day:1 
(1, 33, 100, -388.25073736747504, 3427992.0, (5.023008089459924, 11.489224756996418, 4.147117723642537, 10.630523129805546), 33.37072205543518)
Day:1 
(1, 34, 100, -388.1413906193592, 2158539.0, (5.023008089459924, 11.489224756996418, 4.147117723642537, 10.630523129805546), 33.34012293815613)
Day:1 
(1, 35, 100, -390.41969376140787, 1747033.0, (5.023008089459924, 11.489224756996418, 4.147117723642537, 10.630523129805546), 33.36519908905029)
Day:1 
(1, 36, 100, -386.263364933664, 2632993.0, (5.023008089459924, 11.489224756996418, 4.147117723642537, 10.630523129805546), 33.35638093948364)
Day:1 
(1, 37, 100, -387.83237085644043, 3291169.0, (5.023008089459924, 11.489224756996418, 4.147117723642537, 10.630523129805546), 33.41036796569824)
Day:1 
(1, 38, 100, -391.349185039693, 5867701.0, (5.023008089459924, 11.489224756996418, 4.147117723642537, 10.630523129805546), 33.431305170059204)
Day:1 
(1, 39, 100, -393.9357837915892, 1650726.0, (5.023008089459924, 11.489224756996418, 4.147117723642537, 10.630523129805546), 33.531760931015015)
Day:1 
(1, 40, 100, -386.5953707718674, 3120011.0, (5.023008089459924, 11.489224756996418, 4.147117723642537, 10.630523129805546), 33.672651052474976)
Day:1 
(1, 41, 100, -386.44902613165596, 3581812.0, (5.023008089459924, 11.489224756996418, 4.147117723642537, 10.630523129805546), 33.47895693778992)
Day:1 
(1, 42, 100, -392.6124462411867, 4145690.0, (5.023008089459924, 11.489224756996418, 4.147117723642537, 10.630523129805546), 33.4172260761261)
Day:1 
(1, 43, 100, -387.29226572899495, 4877928.0, (5.023008089459924, 11.489224756996418, 4.147117723642537, 10.630523129805546), 33.404377937316895)
Day:1 
(1, 44, 100, -388.317774706337, 1617458.0, (5.023008089459924, 11.489224756996418, 4.147117723642537, 10.630523129805546), 33.413733959198)
Day:1 
(1, 45, 100, -386.86581021087125, 2239284.0, (5.023008089459924, 11.489224756996418, 4.147117723642537, 10.630523129805546), 33.660869121551514)
Day:1 
(1, 46, 100, -386.2450002370417, 4046449.0, (5.023008089459924, 11.489224756996418, 4.147117723642537, 10.630523129805546), 33.699211835861206)
Day:1 
(1, 47, 100, -384.3604816336324, 3837963.0, (5.023008089459924, 11.489224756996418, 4.147117723642537, 10.630523129805546), 33.49162006378174)
Day:1 
(1, 48, 100, -384.48990509764144, 2830644.0, (5.023008089459924, 11.489224756996418, 4.147117723642537, 10.630523129805546), 33.52746510505676)
Day:1 
(1, 49, 100, -388.71000724433486, 2831958.0, (5.023008089459924, 11.489224756996418, 4.147117723642537, 10.630523129805546), 33.516390800476074)
Day:1 
(1, 50, 100, -389.6329626187339, 3466487.0, (5.023008089459924, 11.489224756996418, 4.147117723642537, 10.630523129805546), 33.529813051223755)
Day:2 
(2, 0, 100, -1808403.4709049987, 695679439713.0, (5.023008089459924, 11.489224756996418, 4.147117723642537, 10.630523129805546), 17.94942307472229)
Day:2 
(2, 1, 100, -648638.3444814302, 171914351785.0, (2.557051588880442, 0.7248190731309875, 6.600404797786785, 5.130293860782705), 692.9929299354553)
Day:2 
(2, 2, 100, -648533.6162917721, 171914343757.0, (2.557051588880442, 0.7248190731309875, 6.600404797786785, 5.130293860782705), 687.7686140537262)
Day:2 
(2, 3, 100, -648456.2297001468, 171914333233.0, (2.557051588880442, 0.7248190731309875, 6.600404797786785, 5.130293860782705), 762.1378710269928)
Day:2 
(2, 4, 100, -635387.8366432831, 69661858294.0, (0.6610529798746522, 5.500318041315713, 10.94434047554101, 5.27695591514534), 761.4535520076752)
Day:2 
(2, 5, 100, -527096.7927533495, 136027363460.0, (10.074285627967841, 15.06554127907742, 9.291121652297708, 13.351321841636745), 698.5719480514526)
Day:2 
(2, 6, 100, -445121.1885748955, 52855528760.0, (7.803402634145778, 11.681580595802362, 15.245865531807521, 10.516100187000848), 748.0579969882965)
Day:2 
(2, 7, 100, -440902.95594072295, 35590988201.0, (8.70466566938888, 20.54149608271007, 20.556442573982142, 16.165424759760718), 764.6034488677979)
Day:2 
(2, 8, 100, -415294.40403681947, 41821636721.0, (3.1018194357572972, 6.249149270256429, 12.986243064029457, 6.784286971680626), 681.241297006607)
Day:2 
(2, 9, 100, -414970.35535955103, 41801617106.0, (3.1018194357572972, 6.249149270256429, 12.986243064029457, 6.784286971680626), 791.6947269439697)
Day:2 
(2, 10, 100, -414677.7649160034, 41737836374.0, (3.1018194357572972, 6.249149270256429, 12.986243064029457, 6.784286971680626), 803.4528391361237)
Day:2 
(2, 11, 100, -414205.96115255746, 41662896949.0, (3.1018194357572972, 6.249149270256429, 12.986243064029457, 6.784286971680626), 834.1553640365601)
Day:2 
(2, 12, 100, -146647.30946152261, 16111339936.0, (3.9729726949459345, 4.74908129342203, 5.985113557036144, 6.094268174368893), 758.1499519348145)
Day:2 
(2, 13, 100, -146264.53584792788, 16105847619.0, (3.9729726949459345, 4.74908129342203, 5.985113557036144, 6.094268174368893), 794.2510540485382)
Day:2 
(2, 14, 100, -146049.00581550368, 16096944520.0, (3.9729726949459345, 4.74908129342203, 5.985113557036144, 6.094268174368893), 773.8076000213623)
Day:2 
(2, 15, 100, -145332.62164284318, 15921642112.0, (3.9729726949459345, 4.74908129342203, 5.985113557036144, 6.094268174368893), 807.6231639385223)
Day:2 
(2, 16, 100, -145034.37005127175, 15880367964.0, (3.9729726949459345, 4.74908129342203, 5.985113557036144, 6.094268174368893), 795.965390920639)
Day:2 
(2, 17, 100, -144811.13248749916, 15881180628.0, (3.9729726949459345, 4.74908129342203, 5.985113557036144, 6.094268174368893), 691.3592419624329)
Day:2 
(2, 18, 100, -144527.45867783835, 15846549502.0, (3.9729726949459345, 4.74908129342203, 5.985113557036144, 6.094268174368893), 742.1370830535889)
Day:2 
(2, 19, 100, -128247.09575970871, 37524065187.0, (4.746110174294733, 6.039233185699792, 10.22170450911841, 8.479255655363414), 761.3262739181519)
Day:2 
(2, 20, 100, -128179.81742698395, 37521120328.0, (4.746110174294733, 6.039233185699792, 10.22170450911841, 8.479255655363414), 784.6605360507965)
Day:2 
(2, 21, 100, -128124.25099403864, 37520790044.0, (4.746110174294733, 6.039233185699792, 10.22170450911841, 8.479255655363414), 806.8583960533142)
Day:2 
(2, 22, 100, -127956.24005925634, 37499923289.0, (4.746110174294733, 6.039233185699792, 10.22170450911841, 8.479255655363414), 816.6966009140015)
Day:2 
(2, 23, 100, -127573.89968798695, 37335270487.0, (4.746110174294733, 6.039233185699792, 10.22170450911841, 8.479255655363414), 802.5563051700592)
Day:2 
(2, 24, 100, -127560.35876834048, 37335270765.0, (4.746110174294733, 6.039233185699792, 10.22170450911841, 8.479255655363414), 749.1026678085327)
Day:2 
(2, 25, 100, -127199.48894097972, 37282800014.0, (4.746110174294733, 6.039233185699792, 10.22170450911841, 8.479255655363414), 780.8689620494843)
Day:2 
(2, 26, 100, -127194.98856975322, 37282799541.0, (4.746110174294733, 6.039233185699792, 10.22170450911841, 8.479255655363414), 789.1396951675415)
Day:2 
(2, 27, 100, -127142.75540522746, 37278125833.0, (4.746110174294733, 6.039233185699792, 10.22170450911841, 8.479255655363414), 816.6966228485107)
Day:2 
(2, 28, 100, -127089.30849046932, 37276766044.0, (4.746110174294733, 6.039233185699792, 10.22170450911841, 8.479255655363414), 824.7109069824219)
Day:2 
(2, 29, 100, -127065.07219999314, 37276764908.0, (4.746110174294733, 6.039233185699792, 10.22170450911841, 8.479255655363414), 751.027083158493)
Day:2 
(2, 30, 100, -127005.094456947, 37276740375.0, (4.746110174294733, 6.039233185699792, 10.22170450911841, 8.479255655363414), 829.3002698421478)
Day:2 
(2, 31, 100, -126991.21383393739, 37276483442.0, (4.746110174294733, 6.039233185699792, 10.22170450911841, 8.479255655363414), 768.1002960205078)
Day:2 
(2, 32, 100, -126988.7779103724, 37276485286.0, (4.746110174294733, 6.039233185699792, 10.22170450911841, 8.479255655363414), 748.084771156311)
Day:2 
(2, 33, 100, -126639.45291968748, 37178925199.0, (4.746110174294733, 6.039233185699792, 10.22170450911841, 8.479255655363414), 748.9112179279327)
Day:2 
(2, 34, 100, -126461.7867977669, 37054924577.0, (4.746110174294733, 6.039233185699792, 10.22170450911841, 8.479255655363414), 750.2629709243774)
Day:2 
(2, 35, 100, -126405.85884351765, 37054887209.0, (4.746110174294733, 6.039233185699792, 10.22170450911841, 8.479255655363414), 745.9600169658661)
Day:2 
(2, 36, 100, -126390.13284438296, 37054753722.0, (4.746110174294733, 6.039233185699792, 10.22170450911841, 8.479255655363414), 773.4701910018921)
Day:2 
(2, 37, 100, -126245.03570835783, 37047518403.0, (4.746110174294733, 6.039233185699792, 10.22170450911841, 8.479255655363414), 787.243124961853)
Day:2 
(2, 38, 100, -126078.0481184364, 37042594751.0, (4.746110174294733, 6.039233185699792, 10.22170450911841, 8.479255655363414), 823.934005022049)
Day:2 
(2, 39, 100, -126040.44721595841, 37041564116.0, (4.746110174294733, 6.039233185699792, 10.22170450911841, 8.479255655363414), 779.4671120643616)
Day:2 
(2, 40, 100, -126037.04509265417, 37041564691.0, (4.746110174294733, 6.039233185699792, 10.22170450911841, 8.479255655363414), 828.4940271377563)
Day:2 
(2, 41, 100, -126036.44770683175, 37041718833.0, (4.746110174294733, 6.039233185699792, 10.22170450911841, 8.479255655363414), 835.7553539276123)
Day:2 
(2, 42, 100, -125964.86891537304, 37036139303.0, (4.746110174294733, 6.039233185699792, 10.22170450911841, 8.479255655363414), 822.8946168422699)
Day:2 
(2, 43, 100, -125927.56891368437, 37033168215.0, (4.746110174294733, 6.039233185699792, 10.22170450911841, 8.479255655363414), 777.5383760929108)
Day:2 
(2, 44, 100, -125803.74533071418, 37016374019.0, (4.746110174294733, 6.039233185699792, 10.22170450911841, 8.479255655363414), 783.3034429550171)
Day:2 
(2, 45, 100, -125775.67150302949, 37016372951.0, (4.746110174294733, 6.039233185699792, 10.22170450911841, 8.479255655363414), 788.1103031635284)
Day:2 
(2, 46, 100, -125777.52219813304, 37016373023.0, (4.746110174294733, 6.039233185699792, 10.22170450911841, 8.479255655363414), 781.9918329715729)
Day:2 
(2, 47, 100, -125761.48469530046, 37016373319.0, (4.746110174294733, 6.039233185699792, 10.22170450911841, 8.479255655363414), 807.5647399425507)
Day:2 
(2, 48, 100, -125757.68958976108, 37016373001.0, (4.746110174294733, 6.039233185699792, 10.22170450911841, 8.479255655363414), 752.313246011734)