
Day:1 
(1, 0, 100, -5263362.963068712, 1042235026420.0, (2.619152446947277, 1.9703210237659006, 0.010569688252109542, 0.4666647439196351), 4.40513801574707)
Day:1 
(1, 1, 100, -5632.184168924249, 12836753.0, (0.6992768408206828, 1.9450155417171295, 0.22720866499087786, 4.791478333310452), 8.076326847076416)
Day:1 
(1, 2, 100, -5558.559878128256, 11919635.0, (0.6992768408206828, 1.9450155417171295, 0.22720866499087786, 4.791478333310452), 8.624781131744385)
Day:1 
(1, 3, 100, -5544.621301183466, 12510558.0, (0.6992768408206828, 1.9450155417171295, 0.22720866499087786, 4.791478333310452), 8.727324962615967)
Day:1 
(1, 4, 100, -5536.346956549736, 13220132.0, (0.6992768408206828, 1.9450155417171295, 0.22720866499087786, 4.791478333310452), 8.769611835479736)
Day:1 
(1, 5, 100, -5529.017969065006, 11930126.0, (0.6992768408206828, 1.9450155417171295, 0.22720866499087786, 4.791478333310452), 8.786689043045044)
Day:1 
(1, 6, 100, -5527.086140689746, 11927777.0, (0.6992768408206828, 1.9450155417171295, 0.22720866499087786, 4.791478333310452), 8.872496128082275)
Day:1 
(1, 7, 100, -5520.194723209282, 14240328.0, (0.6992768408206828, 1.9450155417171295, 0.22720866499087786, 4.791478333310452), 8.862879991531372)
Day:1 
(1, 8, 100, -5504.996941339004, 14603720.0, (0.6992768408206828, 1.9450155417171295, 0.22720866499087786, 4.791478333310452), 8.869072914123535)
Day:1 
(1, 9, 100, -5505.78527531198, 12194936.0, (0.6992768408206828, 1.9450155417171295, 0.22720866499087786, 4.791478333310452), 8.879629135131836)
Day:1 
(1, 10, 100, -5495.900304393335, 11873573.0, (0.6992768408206828, 1.9450155417171295, 0.22720866499087786, 4.791478333310452), 8.901907920837402)
Day:1 
(1, 11, 100, -5496.1394887923925, 13447493.0, (0.6992768408206828, 1.9450155417171295, 0.22720866499087786, 4.791478333310452), 8.892658948898315)
Day:1 
(1, 12, 100, -5486.414941866805, 11811744.0, (0.6992768408206828, 1.9450155417171295, 0.22720866499087786, 4.791478333310452), 8.905786991119385)
Day:1 
(1, 13, 100, -5485.002720979957, 12649326.0, (0.6992768408206828, 1.9450155417171295, 0.22720866499087786, 4.791478333310452), 8.896245956420898)
Day:1 
(1, 14, 100, -5478.260857416088, 13038289.0, (0.6992768408206828, 1.9450155417171295, 0.22720866499087786, 4.791478333310452), 8.888813018798828)
Day:1 
(1, 15, 100, -5472.26998372155, 11821200.0, (0.6992768408206828, 1.9450155417171295, 0.22720866499087786, 4.791478333310452), 8.907267093658447)
Day:1 
(1, 16, 100, -5466.360988153113, 11895520.0, (0.6992768408206828, 1.9450155417171295, 0.22720866499087786, 4.791478333310452), 8.926681995391846)
Day:1 
(1, 17, 100, -5467.053003220982, 13664120.0, (0.6992768408206828, 1.9450155417171295, 0.22720866499087786, 4.791478333310452), 8.933670043945312)
Day:1 
(1, 18, 100, -5463.3519981836425, 12872654.0, (0.6992768408206828, 1.9450155417171295, 0.22720866499087786, 4.791478333310452), 8.936261892318726)
Day:1 
(1, 19, 100, -5459.303050497686, 12329611.0, (0.6992768408206828, 1.9450155417171295, 0.22720866499087786, 4.791478333310452), 8.93079400062561)
Day:1 
(1, 20, 100, -5459.8345688856325, 12387131.0, (0.6992768408206828, 1.9450155417171295, 0.22720866499087786, 4.791478333310452), 8.979196071624756)
Day:1 
(1, 21, 100, -5452.2915124368, 11956601.0, (0.6992768408206828, 1.9450155417171295, 0.22720866499087786, 4.791478333310452), 8.992537021636963)
Day:1 
(1, 22, 100, -5457.263394839442, 12873354.0, (0.6992768408206828, 1.9450155417171295, 0.22720866499087786, 4.791478333310452), 9.019553899765015)
Day:1 
(1, 23, 100, -5329.373180247856, 11639050.0, (0.6992768408206828, 1.9450155417171295, 0.22720866499087786, 4.791478333310452), 9.012109994888306)
Day:1 
(1, 24, 100, -5330.224065882917, 15581218.0, (0.6992768408206828, 1.9450155417171295, 0.22720866499087786, 4.791478333310452), 9.029680967330933)
Day:1 
(1, 25, 100, -5329.1805289725, 12720565.0, (0.6992768408206828, 1.9450155417171295, 0.22720866499087786, 4.791478333310452), 8.989134073257446)
Day:1 
(1, 26, 100, -5326.951029301419, 11557842.0, (0.6992768408206828, 1.9450155417171295, 0.22720866499087786, 4.791478333310452), 9.045527935028076)
Day:1 
(1, 27, 100, -5318.23153621955, 12366553.0, (0.6992768408206828, 1.9450155417171295, 0.22720866499087786, 4.791478333310452), 9.002756118774414)
Day:1 
(1, 28, 100, -5310.167685632289, 14387538.0, (0.6992768408206828, 1.9450155417171295, 0.22720866499087786, 4.791478333310452), 9.037881851196289)
Day:1 
(1, 29, 100, -5309.081327274727, 11542471.0, (0.6992768408206828, 1.9450155417171295, 0.22720866499087786, 4.791478333310452), 9.024226188659668)
Day:1 
(1, 30, 100, -5310.8215608822975, 12287682.0, (0.6992768408206828, 1.9450155417171295, 0.22720866499087786, 4.791478333310452), 9.026502847671509)
Day:1 
(1, 31, 100, -5309.7100388117815, 12287007.0, (0.6992768408206828, 1.9450155417171295, 0.22720866499087786, 4.791478333310452), 9.030866146087646)
Day:1 
(1, 32, 100, -5311.552341012454, 11824134.0, (0.6992768408206828, 1.9450155417171295, 0.22720866499087786, 4.791478333310452), 9.062198877334595)
Day:1 
(1, 33, 100, -5310.685014566758, 12689443.0, (0.6992768408206828, 1.9450155417171295, 0.22720866499087786, 4.791478333310452), 9.06141209602356)
Day:1 
(1, 34, 100, -5309.033166908616, 11559361.0, (0.6992768408206828, 1.9450155417171295, 0.22720866499087786, 4.791478333310452), 9.0515718460083)
Day:1 
(1, 35, 100, -5295.7901465164005, 11532045.0, (0.6992768408206828, 1.9450155417171295, 0.22720866499087786, 4.791478333310452), 9.03265905380249)
Day:1 
(1, 36, 100, -5296.601681922913, 14046505.0, (0.6992768408206828, 1.9450155417171295, 0.22720866499087786, 4.791478333310452), 9.041900157928467)
Day:1 
(1, 37, 100, -5295.646657573542, 11611363.0, (0.6992768408206828, 1.9450155417171295, 0.22720866499087786, 4.791478333310452), 9.051564931869507)
Day:1 
(1, 38, 100, -5298.92877933957, 14001813.0, (0.6992768408206828, 1.9450155417171295, 0.22720866499087786, 4.791478333310452), 9.078795909881592)
Day:1 
(1, 39, 100, -5288.203106788041, 12662782.0, (0.6992768408206828, 1.9450155417171295, 0.22720866499087786, 4.791478333310452), 9.091825008392334)
Day:1 
(1, 40, 100, -5134.9462013631555, 13141574.0, (0.6992768408206828, 1.9450155417171295, 0.22720866499087786, 4.791478333310452), 9.080992937088013)
Day:1 
(1, 41, 100, -5135.040289662118, 11272665.0, (0.6992768408206828, 1.9450155417171295, 0.22720866499087786, 4.791478333310452), 9.092011213302612)
Day:1 
(1, 42, 100, -5137.502909393226, 11508369.0, (0.6992768408206828, 1.9450155417171295, 0.22720866499087786, 4.791478333310452), 9.078291893005371)
Day:1 
(1, 43, 100, -5137.089015635223, 11707516.0, (0.6992768408206828, 1.9450155417171295, 0.22720866499087786, 4.791478333310452), 9.120067119598389)
Day:1 
(1, 44, 100, -5138.303299858428, 11447456.0, (0.6992768408206828, 1.9450155417171295, 0.22720866499087786, 4.791478333310452), 9.120579957962036)
Day:1 
(1, 45, 100, -5137.466739372624, 12738497.0, (0.6992768408206828, 1.9450155417171295, 0.22720866499087786, 4.791478333310452), 9.110678911209106)
Day:1 
(1, 46, 100, -5131.7839128832675, 11355822.0, (0.6992768408206828, 1.9450155417171295, 0.22720866499087786, 4.791478333310452), 9.087538957595825)
Day:1 
(1, 47, 100, -5132.553569354751, 12542734.0, (0.6992768408206828, 1.9450155417171295, 0.22720866499087786, 4.791478333310452), 9.108520984649658)
Day:1 
(1, 48, 100, -5134.434813237876, 11525403.0, (0.6992768408206828, 1.9450155417171295, 0.22720866499087786, 4.791478333310452), 9.121809005737305)
Day:1 
(1, 49, 100, -5135.698403338262, 11527459.0, (0.6992768408206828, 1.9450155417171295, 0.22720866499087786, 4.791478333310452), 9.096583127975464)
Day:1 
(1, 50, 100, -5134.636064315429, 11253966.0, (0.6992768408206828, 1.9450155417171295, 0.22720866499087786, 4.791478333310452), 9.132974863052368)
Day:1 
(1, 51, 100, -5135.000665990942, 11254694.0, (0.6992768408206828, 1.9450155417171295, 0.22720866499087786, 4.791478333310452), 9.157957077026367)
Day:1 
(1, 52, 100, -5134.397552267729, 11202775.0, (0.6992768408206828, 1.9450155417171295, 0.22720866499087786, 4.791478333310452), 9.147095918655396)
Day:1 
(1, 53, 100, -5131.254365283688, 12137138.0, (0.6992768408206828, 1.9450155417171295, 0.22720866499087786, 4.791478333310452), 9.152742147445679)
Day:1 
(1, 54, 100, -5131.818901131857, 13380911.0, (0.6992768408206828, 1.9450155417171295, 0.22720866499087786, 4.791478333310452), 9.197995901107788)
Day:1 
(1, 55, 100, -5120.643720092706, 11286562.0, (0.6992768408206828, 1.9450155417171295, 0.22720866499087786, 4.791478333310452), 9.182279109954834)
Day:1 
(1, 56, 100, -5111.478331813999, 11277619.0, (0.6992768408206828, 1.9450155417171295, 0.22720866499087786, 4.791478333310452), 9.219995975494385)
Day:1 
(1, 57, 100, -5111.400723083822, 12034335.0, (0.6992768408206828, 1.9450155417171295, 0.22720866499087786, 4.791478333310452), 9.190923929214478)
Day:1 
(1, 58, 100, -5111.225185340438, 12364974.0, (0.6992768408206828, 1.9450155417171295, 0.22720866499087786, 4.791478333310452), 9.173756122589111)
Day:1 
(1, 59, 100, -5111.446378324659, 12038098.0, (0.6992768408206828, 1.9450155417171295, 0.22720866499087786, 4.791478333310452), 9.201105833053589)
Day:1 
(1, 60, 100, -5111.709966714209, 13458903.0, (0.6992768408206828, 1.9450155417171295, 0.22720866499087786, 4.791478333310452), 9.188055038452148)
Day:1 
(1, 61, 100, -5111.744232511156, 13458966.0, (0.6992768408206828, 1.9450155417171295, 0.22720866499087786, 4.791478333310452), 9.18989610671997)
Day:1 
(1, 62, 100, -5111.042142857325, 11363495.0, (0.6992768408206828, 1.9450155417171295, 0.22720866499087786, 4.791478333310452), 9.204916954040527)
Day:1 
(1, 63, 100, -5112.977406137417, 11175334.0, (0.6992768408206828, 1.9450155417171295, 0.22720866499087786, 4.791478333310452), 9.20411491394043)
Day:1 
(1, 64, 100, -5112.68729779623, 11891452.0, (0.6992768408206828, 1.9450155417171295, 0.22720866499087786, 4.791478333310452), 9.210260152816772)
Day:1 
(1, 65, 100, -5112.075833391497, 12714262.0, (0.6992768408206828, 1.9450155417171295, 0.22720866499087786, 4.791478333310452), 9.18510389328003)
Day:1 
(1, 66, 100, -5106.971362827566, 14121882.0, (0.6992768408206828, 1.9450155417171295, 0.22720866499087786, 4.791478333310452), 9.171853065490723)
Day:1 
(1, 67, 100, -5106.360292831956, 11941749.0, (0.6992768408206828, 1.9450155417171295, 0.22720866499087786, 4.791478333310452), 9.163749933242798)
Day:1 
(1, 68, 100, -5105.901122066583, 11941542.0, (0.6992768408206828, 1.9450155417171295, 0.22720866499087786, 4.791478333310452), 9.184701919555664)
Day:1 
(1, 69, 100, -5107.49147539763, 13526265.0, (0.6992768408206828, 1.9450155417171295, 0.22720866499087786, 4.791478333310452), 9.188354969024658)
Day:1 
(1, 70, 100, -5106.360125356917, 11498203.0, (0.6992768408206828, 1.9450155417171295, 0.22720866499087786, 4.791478333310452), 9.224935054779053)
Day:1 
(1, 71, 100, -5098.042296721776, 11604663.0, (0.6992768408206828, 1.9450155417171295, 0.22720866499087786, 4.791478333310452), 9.21786117553711)
Day:1 
(1, 72, 100, -5096.252319499118, 11169597.0, (0.6992768408206828, 1.9450155417171295, 0.22720866499087786, 4.791478333310452), 9.205278873443604)
Day:1 
(1, 73, 100, -5098.758880661934, 11335869.0, (0.6992768408206828, 1.9450155417171295, 0.22720866499087786, 4.791478333310452), 9.223649024963379)
Day:1 
(1, 74, 100, -5095.3539030423035, 11781266.0, (0.6992768408206828, 1.9450155417171295, 0.22720866499087786, 4.791478333310452), 9.505516052246094)
Day:1 
(1, 75, 100, -5091.779059405941, 11796349.0, (0.6992768408206828, 1.9450155417171295, 0.22720866499087786, 4.791478333310452), 9.315578937530518)
Day:1 
(1, 76, 100, -5093.404264655324, 11400679.0, (0.6992768408206828, 1.9450155417171295, 0.22720866499087786, 4.791478333310452), 9.231990098953247)
Day:1 
(1, 77, 100, -5092.01635158098, 11801351.0, (0.6992768408206828, 1.9450155417171295, 0.22720866499087786, 4.791478333310452), 9.207644939422607)
Day:1 
(1, 78, 100, -5090.251740496037, 11404190.0, (0.6992768408206828, 1.9450155417171295, 0.22720866499087786, 4.791478333310452), 9.227089881896973)
Day:1 
(1, 79, 100, -5090.249178071869, 11412430.0, (0.6992768408206828, 1.9450155417171295, 0.22720866499087786, 4.791478333310452), 9.630694150924683)
Day:1 
(1, 80, 100, -5090.794200690049, 11482958.0, (0.6992768408206828, 1.9450155417171295, 0.22720866499087786, 4.791478333310452), 9.23777985572815)
Day:1 
(1, 81, 100, -5092.805969566266, 12899717.0, (0.6992768408206828, 1.9450155417171295, 0.22720866499087786, 4.791478333310452), 9.237781047821045)
Day:1 
(1, 82, 100, -5092.157862152163, 11739615.0, (0.6992768408206828, 1.9450155417171295, 0.22720866499087786, 4.791478333310452), 9.232062101364136)
Day:1 
(1, 83, 100, -5094.480027572571, 13573618.0, (0.6992768408206828, 1.9450155417171295, 0.22720866499087786, 4.791478333310452), 9.230060815811157)
Day:1 
(1, 84, 100, -5097.848191443204, 13459864.0, (0.6992768408206828, 1.9450155417171295, 0.22720866499087786, 4.791478333310452), 9.251412153244019)
Day:1 
(1, 85, 100, -5095.00249846651, 13427857.0, (0.6992768408206828, 1.9450155417171295, 0.22720866499087786, 4.791478333310452), 9.251473903656006)
Day:1 
(1, 86, 100, -5092.761194569205, 12019206.0, (0.6992768408206828, 1.9450155417171295, 0.22720866499087786, 4.791478333310452), 9.303158044815063)
Day:1 
(1, 87, 100, -5092.746582758488, 11159176.0, (0.6992768408206828, 1.9450155417171295, 0.22720866499087786, 4.791478333310452), 9.443120002746582)
Day:1 
(1, 88, 100, -5092.487582441779, 12478918.0, (0.6992768408206828, 1.9450155417171295, 0.22720866499087786, 4.791478333310452), 9.360570907592773)
Day:1 
(1, 89, 100, -5092.845749417719, 12122011.0, (0.6992768408206828, 1.9450155417171295, 0.22720866499087786, 4.791478333310452), 9.342082977294922)
Day:1 
(1, 90, 100, -5092.244297686465, 11231332.0, (0.6992768408206828, 1.9450155417171295, 0.22720866499087786, 4.791478333310452), 9.301494121551514)
Day:1 
(1, 91, 100, -5096.745300842259, 11600196.0, (0.6992768408206828, 1.9450155417171295, 0.22720866499087786, 4.791478333310452), 9.30708909034729)
Day:1 
(1, 92, 100, -5094.252829991218, 11653728.0, (0.6992768408206828, 1.9450155417171295, 0.22720866499087786, 4.791478333310452), 9.337127923965454)
Day:1 
(1, 93, 100, -5093.311949421482, 13678554.0, (0.6992768408206828, 1.9450155417171295, 0.22720866499087786, 4.791478333310452), 9.317914009094238)
Day:1 
(1, 94, 100, -5092.783749085997, 13373296.0, (0.6992768408206828, 1.9450155417171295, 0.22720866499087786, 4.791478333310452), 9.320997953414917)
Day:1 
(1, 95, 100, -5085.86529428696, 13450159.0, (0.6992768408206828, 1.9450155417171295, 0.22720866499087786, 4.791478333310452), 9.318336963653564)
Day:1 
(1, 96, 100, -5086.8240156579095, 15503520.0, (0.6992768408206828, 1.9450155417171295, 0.22720866499087786, 4.791478333310452), 9.357110023498535)
Day:1 
(1, 97, 100, -5089.152095413144, 13088410.0, (0.6992768408206828, 1.9450155417171295, 0.22720866499087786, 4.791478333310452), 9.303059101104736)
Day:1 
(1, 98, 100, -5085.513431057984, 11170661.0, (0.6992768408206828, 1.9450155417171295, 0.22720866499087786, 4.791478333310452), 9.249130964279175)
Day:1 
(1, 99, 100, -5086.444428640022, 12582608.0, (0.6992768408206828, 1.9450155417171295, 0.22720866499087786, 4.791478333310452), 9.293483972549438)
Day:1 
(1, 100, 100, -5086.841105425458, 12241361.0, (0.6992768408206828, 1.9450155417171295, 0.22720866499087786, 4.791478333310452), 9.281774997711182)
Day:2 
(2, 0, 100, -4293184.943040375, 1048201182372.0, (0.6992768408206828, 1.9450155417171295, 0.22720866499087786, 4.791478333310452), 18.428287982940674)
Day:2 
(2, 1, 100, -412732.52880621125, 31965146044.0, (4.018623055998867, 3.126087284679066, 6.327616463236029, 4.755874997291343), 258.48475193977356)
Day:2 
(2, 2, 100, -412209.65945516893, 31963685051.0, (4.018623055998867, 3.126087284679066, 6.327616463236029, 4.755874997291343), 352.51913809776306)
Day:2 
(2, 3, 100, -333178.4558334859, 28843446216.0, (3.507813997954893, 3.126087284679066, 6.327616463236029, 4.755874997291343), 323.82836985588074)
Day:2 
(2, 4, 100, -332731.6729733943, 28843471376.0, (3.507813997954893, 3.126087284679066, 6.327616463236029, 4.755874997291343), 352.83952617645264)
Day:2 
(2, 5, 100, -332030.55855328223, 28769653004.0, (3.507813997954893, 3.126087284679066, 6.327616463236029, 4.755874997291343), 331.4554259777069)
Day:2 
(2, 6, 100, -194454.97992869705, 35038812117.0, (3.507813997954893, 3.126087284679066, 6.327616463236029, 5.590119601532188), 329.58999586105347)
Day:2 
(2, 7, 100, -194296.6482543794, 35038525207.0, (3.507813997954893, 3.126087284679066, 6.327616463236029, 5.590119601532188), 358.1347041130066)
Day:2 
(2, 8, 100, -189378.57767435865, 33954290195.0, (3.507813997954893, 3.126087284679066, 6.435631609849011, 5.590119601532188), 315.7208409309387)
Day:2 
(2, 9, 100, -189210.089773124, 33953821615.0, (3.507813997954893, 3.126087284679066, 6.435631609849011, 5.590119601532188), 357.0442340373993)
Day:2 
(2, 10, 100, -189134.7228462971, 33953794036.0, (3.507813997954893, 3.126087284679066, 6.435631609849011, 5.590119601532188), 349.96396803855896)
Day:2 
(2, 11, 100, -186026.8335798152, 32962888890.0, (3.507813997954893, 3.1687406208083604, 6.435631609849011, 5.590119601532188), 341.60100507736206)
Day:2 
(2, 12, 100, -185821.04939146672, 32954767998.0, (3.507813997954893, 3.1687406208083604, 6.435631609849011, 5.590119601532188), 358.8653209209442)
Day:2 
(2, 13, 100, -185190.7170678039, 32886910641.0, (3.507813997954893, 3.1687406208083604, 6.435631609849011, 5.590119601532188), 330.77376890182495)
Day:2 
(2, 14, 100, -185098.0666200131, 32886897878.0, (3.507813997954893, 3.1687406208083604, 6.435631609849011, 5.590119601532188), 350.009299993515)
Day:2 
(2, 15, 100, -181861.51335514692, 34639230037.0, (3.507813997954893, 3.1687406208083604, 7.278197649729864, 5.590119601532188), 320.54760813713074)
Day:2 
(2, 16, 100, -180409.2669265011, 34447206221.0, (3.507813997954893, 3.1687406208083604, 7.278197649729864, 5.590119601532188), 352.4966609477997)
Day:2 
(2, 17, 100, -180266.2475223208, 34447139392.0, (3.507813997954893, 3.1687406208083604, 7.278197649729864, 5.590119601532188), 367.0944490432739)
Day:2 
(2, 18, 100, -180205.4356934025, 34447131391.0, (3.507813997954893, 3.1687406208083604, 7.278197649729864, 5.590119601532188), 347.98686003685)
Day:2 
(2, 19, 100, -180022.56539077705, 34447068746.0, (3.507813997954893, 3.1687406208083604, 7.278197649729864, 5.590119601532188), 364.98983883857727)
Day:2 
(2, 20, 100, -179945.23910182304, 34447077176.0, (3.507813997954893, 3.1687406208083604, 7.278197649729864, 5.590119601532188), 353.08333706855774)
Day:2 
(2, 21, 100, -179843.22207868448, 34443096072.0, (3.507813997954893, 3.1687406208083604, 7.278197649729864, 5.590119601532188), 350.57881903648376)
Day:2 
(2, 22, 100, -176862.09906326857, 25801884883.0, (3.507813997954893, 3.8496135208681186, 7.278197649729864, 5.590119601532188), 363.0192520618439)
Day:2 
(2, 23, 100, -176729.58483114687, 25801844570.0, (3.507813997954893, 3.8496135208681186, 7.278197649729864, 5.590119601532188), 368.7373208999634)
Day:2 
(2, 24, 100, -176489.48538076042, 25801589428.0, (3.507813997954893, 3.8496135208681186, 7.278197649729864, 5.590119601532188), 331.16447710990906)
Day:2 
(2, 25, 100, -173038.8403709949, 25984364171.0, (3.507813997954893, 3.8496135208681186, 7.278197649729864, 5.6193403957058585), 336.9075379371643)
Day:2 
(2, 26, 100, -172860.11950800868, 25984003910.0, (3.507813997954893, 3.8496135208681186, 7.278197649729864, 5.6193403957058585), 324.69924688339233)
Day:2 
(2, 27, 100, -172589.52429540709, 25974712047.0, (3.507813997954893, 3.8496135208681186, 7.278197649729864, 5.6193403957058585), 336.84967517852783)
Day:2 
(2, 28, 100, -172475.70343332522, 25974698914.0, (3.507813997954893, 3.8496135208681186, 7.278197649729864, 5.6193403957058585), 317.80189180374146)
Day:2 
(2, 29, 100, -172202.1301321508, 25974430718.0, (3.507813997954893, 3.8496135208681186, 7.278197649729864, 5.6193403957058585), 320.94020199775696)
Day:2 
(2, 30, 100, -172110.4935061585, 25972994159.0, (3.507813997954893, 3.8496135208681186, 7.278197649729864, 5.6193403957058585), 347.0523941516876)
Day:2 
(2, 31, 100, -171965.21564449408, 25973087891.0, (3.507813997954893, 3.8496135208681186, 7.278197649729864, 5.6193403957058585), 364.0615940093994)
Day:2 
(2, 32, 100, -170280.76810281412, 28846968149.0, (3.507813997954893, 3.604078024973169, 7.278197649729864, 5.6193403957058585), 358.8122489452362)
Day:2 
(2, 33, 100, -170159.94125449643, 28846977191.0, (3.507813997954893, 3.604078024973169, 7.278197649729864, 5.6193403957058585), 361.1265780925751)
Day:2 
(2, 34, 100, -161806.10602597962, 31527664059.0, (3.507813997954893, 3.604078024973169, 7.278197649729864, 6.04952343934122), 354.8391718864441)
Day:2 
(2, 35, 100, -128576.73574080845, 19041937009.0, (3.507813997954893, 4.534428482325187, 7.278197649729864, 6.04952343934122), 342.7718560695648)
Day:2 
(2, 36, 100, -125371.35811256984, 17989424755.0, (3.507813997954893, 4.534428482325187, 7.009206202748505, 6.04952343934122), 341.06725096702576)
Day:2 
(2, 37, 100, -125159.49914454496, 17982443915.0, (3.507813997954893, 4.534428482325187, 7.009206202748505, 6.04952343934122), 351.57552909851074)
Day:2 
(2, 38, 100, -125037.87048069974, 17982212752.0, (3.507813997954893, 4.534428482325187, 7.009206202748505, 6.04952343934122), 330.308198928833)
Day:2 
(2, 39, 100, -124917.84083421795, 17983259585.0, (3.507813997954893, 4.534428482325187, 7.009206202748505, 6.04952343934122), 328.5013039112091)
Day:2 
(2, 40, 100, -124760.27476134116, 17982744845.0, (3.507813997954893, 4.534428482325187, 7.009206202748505, 6.04952343934122), 346.4717321395874)
Day:2 
(2, 41, 100, -124457.61353906823, 17963774477.0, (3.507813997954893, 4.534428482325187, 7.009206202748505, 6.04952343934122), 347.40186882019043)
Day:2 
(2, 42, 100, -124315.16698437573, 17963767047.0, (3.507813997954893, 4.534428482325187, 7.009206202748505, 6.04952343934122), 303.22158312797546)
Day:2 
(2, 43, 100, -124166.04927318441, 17961373905.0, (3.507813997954893, 4.534428482325187, 7.009206202748505, 6.04952343934122), 330.70617485046387)
Day:2 
(2, 44, 100, -124059.95893326403, 17961343473.0, (3.507813997954893, 4.534428482325187, 7.009206202748505, 6.04952343934122), 343.1865680217743)
Day:2 
(2, 45, 100, -123946.59576631343, 17961249323.0, (3.507813997954893, 4.534428482325187, 7.009206202748505, 6.04952343934122), 329.01688408851624)
Day:2 
(2, 46, 100, -123788.50666139454, 17952638353.0, (3.507813997954893, 4.534428482325187, 7.009206202748505, 6.04952343934122), 343.29032492637634)
Day:2 
(2, 47, 100, -123696.42331625079, 17952589463.0, (3.507813997954893, 4.534428482325187, 7.009206202748505, 6.04952343934122), 342.647274017334)
Day:2 
(2, 48, 100, -123680.01991941474, 17952586596.0, (3.507813997954893, 4.534428482325187, 7.009206202748505, 6.04952343934122), 367.14974904060364)
Day:2 
(2, 49, 100, -123589.86383695687, 17952557504.0, (3.507813997954893, 4.534428482325187, 7.009206202748505, 6.04952343934122), 365.1052620410919)
Day:2 
(2, 50, 100, -123522.0605385634, 17952706448.0, (3.507813997954893, 4.534428482325187, 7.009206202748505, 6.04952343934122), 331.1182188987732)
Day:2 
(2, 51, 100, -123480.05061459963, 17952700612.0, (3.507813997954893, 4.534428482325187, 7.009206202748505, 6.04952343934122), 372.1306850910187)
Day:2 
(2, 52, 100, -123431.13374400965, 17952746867.0, (3.507813997954893, 4.534428482325187, 7.009206202748505, 6.04952343934122), 359.4740970134735)
Day:2 
(2, 53, 100, -123377.85411180515, 17952753496.0, (3.507813997954893, 4.534428482325187, 7.009206202748505, 6.04952343934122), 341.0082519054413)
Day:2 
(2, 54, 100, -123291.58062792433, 17952712910.0, (3.507813997954893, 4.534428482325187, 7.009206202748505, 6.04952343934122), 338.72441005706787)
Day:2 
(2, 55, 100, -123235.70108734464, 17952629297.0, (3.507813997954893, 4.534428482325187, 7.009206202748505, 6.04952343934122), 348.4389479160309)
Day:2 
(2, 56, 100, -112893.89126899322, 19141675253.0, (3.919778989921593, 4.534428482325187, 7.009206202748505, 6.27831788871961), 334.220477104187)
Day:2 
(2, 57, 100, -112829.49356769283, 19141663776.0, (3.919778989921593, 4.534428482325187, 7.009206202748505, 6.27831788871961), 352.1311368942261)
Day:2 
(2, 58, 100, -112583.35822779535, 19131530778.0, (3.919778989921593, 4.534428482325187, 7.009206202748505, 6.27831788871961), 348.8146810531616)
Day:2 
(2, 59, 100, -112489.96201519668, 19131493989.0, (3.919778989921593, 4.534428482325187, 7.009206202748505, 6.27831788871961), 374.17674803733826)
Day:2 
(2, 60, 100, -112254.5496582347, 19130770147.0, (3.919778989921593, 4.534428482325187, 7.009206202748505, 6.27831788871961), 378.69147205352783)
Day:2 
(2, 61, 100, -112084.53832932192, 19128346321.0, (3.919778989921593, 4.534428482325187, 7.009206202748505, 6.27831788871961), 366.7902009487152)
Day:2 
(2, 62, 100, -111815.12570717295, 19110729785.0, (3.919778989921593, 4.534428482325187, 7.009206202748505, 6.27831788871961), 334.95854091644287)
Day:2 
(2, 63, 100, -111683.44259473725, 19106786570.0, (3.919778989921593, 4.534428482325187, 7.009206202748505, 6.27831788871961), 361.9250099658966)
Day:2 
(2, 64, 100, -111585.1442051038, 19102000181.0, (3.919778989921593, 4.534428482325187, 7.009206202748505, 6.27831788871961), 346.0772020816803)
Day:2 
(2, 65, 100, -111515.52485716742, 19101931331.0, (3.919778989921593, 4.534428482325187, 7.009206202748505, 6.27831788871961), 331.3866910934448)
Day:2 
(2, 66, 100, -111498.94606656604, 19101913470.0, (3.919778989921593, 4.534428482325187, 7.009206202748505, 6.27831788871961), 363.13968682289124)
Day:2 
(2, 67, 100, -111409.79279102971, 19101873341.0, (3.919778989921593, 4.534428482325187, 7.009206202748505, 6.27831788871961), 379.0229001045227)
Day:2 
(2, 68, 100, -111388.99750489247, 19101863488.0, (3.919778989921593, 4.534428482325187, 7.009206202748505, 6.27831788871961), 364.2063500881195)
Day:2 
(2, 69, 100, -111350.3280637638, 19101889880.0, (3.919778989921593, 4.534428482325187, 7.009206202748505, 6.27831788871961), 347.2492690086365)
Day:2 
(2, 70, 100, -111171.71866184291, 19066644471.0, (3.919778989921593, 4.534428482325187, 7.009206202748505, 6.27831788871961), 356.30478596687317)
Day:2 
(2, 71, 100, -111073.5542366108, 19066628251.0, (3.919778989921593, 4.534428482325187, 7.009206202748505, 6.27831788871961), 365.9060800075531)
Day:2 
(2, 72, 100, -110419.24616888892, 18891578912.0, (3.919778989921593, 4.534428482325187, 7.009206202748505, 6.27831788871961), 365.03560495376587)
Day:2 
(2, 73, 100, -110379.48984556663, 18891591531.0, (3.919778989921593, 4.534428482325187, 7.009206202748505, 6.27831788871961), 371.2672190666199)
Day:2 
(2, 74, 100, -110303.72950838268, 18891727430.0, (3.919778989921593, 4.534428482325187, 7.009206202748505, 6.27831788871961), 376.5960168838501)
Day:2 
(2, 75, 100, -110296.26938161351, 18891755489.0, (3.919778989921593, 4.534428482325187, 7.009206202748505, 6.27831788871961), 369.0713150501251)
Day:2 
(2, 76, 100, -110292.83874884334, 18891754126.0, (3.919778989921593, 4.534428482325187, 7.009206202748505, 6.27831788871961), 341.31465697288513)
Day:2 
(2, 77, 100, -110160.36130215343, 18856007227.0, (3.919778989921593, 4.534428482325187, 7.009206202748505, 6.27831788871961), 366.0229060649872)