
Day:1 
(1, 0, 100, -22797218.354843512, 1963021800140.0, (19.11377200069313, 43.352639785440836, 0.6732051351160466, 3.686045964969561), 4.367105007171631)
Day:1 
(1, 1, 100, -4345.080749828183, 38762692.0, (3.862432155501813, 6.292339426554493, 3.836051991076148, 8.409595886804658), 33.89707589149475)
Day:1 
(1, 2, 100, -4249.433784611281, 34690572.0, (3.862432155501813, 6.292339426554493, 3.836051991076148, 8.409595886804658), 34.307673931121826)
Day:1 
(1, 3, 100, -1219.2054758920963, 785828.0, (3.8702925511595443, 17.585143205823243, 5.3233241813303005, 13.325203115435249), 34.232604026794434)
Day:1 
(1, 4, 100, -1187.5521884312325, 409403.0, (3.8702925511595443, 17.585143205823243, 5.3233241813303005, 13.325203115435249), 34.48014712333679)
Day:1 
(1, 5, 100, -1179.417485400122, 390855.0, (3.8702925511595443, 17.585143205823243, 5.3233241813303005, 13.325203115435249), 34.54549694061279)
Day:1 
(1, 6, 100, -1177.2643128071954, 786260.0, (3.8702925511595443, 17.585143205823243, 5.3233241813303005, 13.325203115435249), 34.57148599624634)
Day:1 
(1, 7, 100, -1166.7922969224132, 1971034.0, (3.8702925511595443, 17.585143205823243, 5.3233241813303005, 13.325203115435249), 35.00891399383545)
Day:1 
(1, 8, 100, -1157.4593965085926, 327840.0, (3.8702925511595443, 17.585143205823243, 5.3233241813303005, 13.325203115435249), 34.603830099105835)
Day:1 
(1, 9, 100, -1132.8793007966249, 2989377.0, (3.8702925511595443, 17.585143205823243, 5.3233241813303005, 13.325203115435249), 34.645182847976685)
Day:1 
(1, 10, 100, -1112.1111264085537, 367977.0, (3.8702925511595443, 17.585143205823243, 5.3233241813303005, 13.325203115435249), 34.69630813598633)
Day:1 
(1, 11, 100, -1111.6973851781456, 3125842.0, (3.8702925511595443, 17.585143205823243, 5.3233241813303005, 13.325203115435249), 34.70270800590515)
Day:1 
(1, 12, 100, -1104.3774539705432, 852141.0, (3.8702925511595443, 17.585143205823243, 5.3233241813303005, 13.325203115435249), 35.13238191604614)
Day:1 
(1, 13, 100, -1106.0423416423457, 1267304.0, (3.8702925511595443, 17.585143205823243, 5.3233241813303005, 13.325203115435249), 34.86486005783081)
Day:1 
(1, 14, 100, -1102.7832681480731, 1270962.0, (3.8702925511595443, 17.585143205823243, 5.3233241813303005, 13.325203115435249), 34.64962983131409)
Day:1 
(1, 15, 100, -1102.7380929240614, 433638.0, (3.8702925511595443, 17.585143205823243, 5.3233241813303005, 13.325203115435249), 34.73462915420532)
Day:1 
(1, 16, 100, -1100.3809557346813, 2279699.0, (3.8702925511595443, 17.585143205823243, 5.3233241813303005, 13.325203115435249), 34.803865909576416)
Day:1 
(1, 17, 100, -1099.997533717349, 411372.0, (3.8702925511595443, 17.585143205823243, 5.3233241813303005, 13.325203115435249), 34.7771110534668)
Day:1 
(1, 18, 100, -1103.528300427561, 1297819.0, (3.8702925511595443, 17.585143205823243, 5.3233241813303005, 13.325203115435249), 34.81386089324951)
Day:1 
(1, 19, 100, -1094.6287187084683, 305894.0, (3.8702925511595443, 17.585143205823243, 5.3233241813303005, 13.325203115435249), 35.21916913986206)
Day:1 
(1, 20, 100, -1098.372018122676, 441123.0, (3.8702925511595443, 17.585143205823243, 5.3233241813303005, 13.325203115435249), 35.19102096557617)
Day:1 
(1, 21, 100, -1093.3285574074318, 468115.0, (3.8702925511595443, 17.585143205823243, 5.3233241813303005, 13.325203115435249), 35.18955588340759)
Day:1 
(1, 22, 100, -1093.7284607025751, 278757.0, (3.8702925511595443, 17.585143205823243, 5.3233241813303005, 13.325203115435249), 35.19497299194336)
Day:1 
(1, 23, 100, -1092.1912434542944, 280705.0, (3.8702925511595443, 17.585143205823243, 5.3233241813303005, 13.325203115435249), 35.2337920665741)
Day:1 
(1, 24, 100, -1089.7399840202718, 280620.0, (3.8702925511595443, 17.585143205823243, 5.3233241813303005, 13.325203115435249), 35.209667921066284)
Day:1 
(1, 25, 100, -1092.1530064338954, 2621993.0, (3.8702925511595443, 17.585143205823243, 5.3233241813303005, 13.325203115435249), 35.24905610084534)
Day:1 
(1, 26, 100, -1088.4494418459656, 1726326.0, (3.8702925511595443, 17.585143205823243, 5.3233241813303005, 13.325203115435249), 35.23344302177429)
Day:1 
(1, 27, 100, -1085.2246127556914, 2463602.0, (3.8702925511595443, 17.585143205823243, 5.3233241813303005, 13.325203115435249), 35.232966899871826)
Day:1 
(1, 28, 100, -1086.5397515077286, 860369.0, (3.8702925511595443, 17.585143205823243, 5.3233241813303005, 13.325203115435249), 35.26735711097717)
Day:1 
(1, 29, 100, -1075.454253524978, 294677.0, (3.8702925511595443, 17.585143205823243, 5.3233241813303005, 13.325203115435249), 35.265809059143066)
Day:1 
(1, 30, 100, -877.6263187746492, 4063524.0, (5.30920183011882, 7.8855062054951475, 1.6733647807293228, 8.964373001731834), 35.10822582244873)
Day:1 
(1, 31, 100, -832.4128625788192, 3739576.0, (5.30920183011882, 7.8855062054951475, 1.6733647807293228, 8.964373001731834), 35.400896072387695)
Day:1 
(1, 32, 100, -827.7857006041501, 3736966.0, (5.30920183011882, 7.8855062054951475, 1.6733647807293228, 8.964373001731834), 35.3432080745697)
Day:1 
(1, 33, 100, -821.2795771040875, 3729756.0, (5.30920183011882, 7.8855062054951475, 1.6733647807293228, 8.964373001731834), 35.79558491706848)
Day:1 
(1, 34, 100, -787.3500637189571, 3552825.0, (5.30920183011882, 7.8855062054951475, 1.6733647807293228, 8.964373001731834), 35.79692196846008)
Day:1 
(1, 35, 100, -788.3487661535792, 6436486.0, (5.30920183011882, 7.8855062054951475, 1.6733647807293228, 8.964373001731834), 35.38749098777771)
Day:1 
(1, 36, 100, -788.1147347233704, 9722475.0, (5.30920183011882, 7.8855062054951475, 1.6733647807293228, 8.964373001731834), 35.499732971191406)
Day:1 
(1, 37, 100, -778.2773258500118, 5452483.0, (5.30920183011882, 7.8855062054951475, 1.6733647807293228, 8.964373001731834), 35.47489619255066)
Day:1 
(1, 38, 100, -774.6387266049509, 4383101.0, (5.30920183011882, 7.8855062054951475, 1.6733647807293228, 8.964373001731834), 35.58415102958679)
Day:1 
(1, 39, 100, -773.742755026023, 2933451.0, (5.30920183011882, 7.8855062054951475, 1.6733647807293228, 8.964373001731834), 35.89889883995056)
Day:1 
(1, 40, 100, -767.9982403646775, 2878936.0, (5.30920183011882, 7.8855062054951475, 1.6733647807293228, 8.964373001731834), 35.45436906814575)
Day:1 
(1, 41, 100, -767.8343309154031, 2879389.0, (5.30920183011882, 7.8855062054951475, 1.6733647807293228, 8.964373001731834), 35.43295693397522)
Day:1 
(1, 42, 100, -767.3820371376099, 2879592.0, (5.30920183011882, 7.8855062054951475, 1.6733647807293228, 8.964373001731834), 35.467036962509155)
Day:1 
(1, 43, 100, -766.9219731781347, 2878964.0, (5.30920183011882, 7.8855062054951475, 1.6733647807293228, 8.964373001731834), 35.3825261592865)
Day:1 
(1, 44, 100, -765.6523707078588, 10178887.0, (5.30920183011882, 7.8855062054951475, 1.6733647807293228, 8.964373001731834), 35.838253021240234)
Day:1 
(1, 45, 100, -762.4130699389547, 8360929.0, (5.30920183011882, 7.8855062054951475, 1.6733647807293228, 8.964373001731834), 35.479421854019165)
Day:1 
(1, 46, 100, -768.0828795879752, 13645263.0, (5.30920183011882, 7.8855062054951475, 1.6733647807293228, 8.964373001731834), 35.534343957901)
Day:1 
(1, 47, 100, -767.4320006526344, 10186862.0, (5.30920183011882, 7.8855062054951475, 1.6733647807293228, 8.964373001731834), 35.5060670375824)
Day:1 
(1, 48, 100, -766.6978642455431, 8654635.0, (5.30920183011882, 7.8855062054951475, 1.6733647807293228, 8.964373001731834), 35.52301597595215)
Day:1 
(1, 49, 100, -765.2331718970279, 8547691.0, (5.30920183011882, 7.8855062054951475, 1.6733647807293228, 8.964373001731834), 35.6162691116333)
Day:1 
(1, 50, 100, -757.024076550011, 6450590.0, (5.30920183011882, 7.8855062054951475, 1.6733647807293228, 8.964373001731834), 35.58007287979126)
Day:2 
(2, 0, 100, -3222393.4968672316, 983945472434.0, (5.30920183011882, 7.8855062054951475, 1.6733647807293228, 8.964373001731834), 18.088222980499268)
Day:2 
(2, 1, 100, -712165.3620818754, 115640895039.0, (3.8324459518718155, 0.17404064460665986, 10.07620545462606, 6.474742185176299), 767.0347361564636)
Day:2 
(2, 2, 100, -228393.08314417975, 43650345780.0, (2.1897342795816632, 12.134605235246186, 12.608012794563077, 11.335973906893704), 793.445042848587)
Day:2 
(2, 3, 100, -228329.50337564357, 43650351702.0, (2.1897342795816632, 12.134605235246186, 12.608012794563077, 11.335973906893704), 757.7089002132416)
Day:2 
(2, 4, 100, -227989.464725694, 43650176096.0, (2.1897342795816632, 12.134605235246186, 12.608012794563077, 11.335973906893704), 692.9792549610138)
Day:2 
(2, 5, 100, -227790.74184933407, 43644777072.0, (2.1897342795816632, 12.134605235246186, 12.608012794563077, 11.335973906893704), 758.3435378074646)
Day:2 
(2, 6, 100, -227775.87730648063, 43644779171.0, (2.1897342795816632, 12.134605235246186, 12.608012794563077, 11.335973906893704), 764.751219034195)
Day:2 
(2, 7, 100, -227771.7024260938, 43644774740.0, (2.1897342795816632, 12.134605235246186, 12.608012794563077, 11.335973906893704), 784.016440153122)
Day:2 
(2, 8, 100, -227753.1127368165, 43644773815.0, (2.1897342795816632, 12.134605235246186, 12.608012794563077, 11.335973906893704), 761.9249830245972)
Day:2 
(2, 9, 100, -227471.69480715698, 43616956763.0, (2.1897342795816632, 12.134605235246186, 12.608012794563077, 11.335973906893704), 748.1855309009552)
Day:2 
(2, 10, 100, -227314.83878756827, 43605462392.0, (2.1897342795816632, 12.134605235246186, 12.608012794563077, 11.335973906893704), 801.5558149814606)
Day:2 
(2, 11, 100, -203042.91653724862, 52570343091.0, (4.361270691827415, 7.3304830747507665, 9.493726364829914, 9.469962241383197), 742.553503036499)
Day:2 
(2, 12, 100, -202663.7960668263, 52570309111.0, (4.361270691827415, 7.3304830747507665, 9.493726364829914, 9.469962241383197), 793.6308550834656)
Day:2 
(2, 13, 100, -202401.0564414423, 52570304055.0, (4.361270691827415, 7.3304830747507665, 9.493726364829914, 9.469962241383197), 755.7638177871704)
Day:2 
(2, 14, 100, -202284.18989860557, 52557002975.0, (4.361270691827415, 7.3304830747507665, 9.493726364829914, 9.469962241383197), 859.1433990001678)
Day:2 
(2, 15, 100, -202182.91543510972, 52555606673.0, (4.361270691827415, 7.3304830747507665, 9.493726364829914, 9.469962241383197), 680.3744940757751)
Day:2 
(2, 16, 100, -202139.3430695349, 52555493725.0, (4.361270691827415, 7.3304830747507665, 9.493726364829914, 9.469962241383197), 702.0010931491852)
Day:2 
(2, 17, 100, -202054.11217303804, 52555448032.0, (4.361270691827415, 7.3304830747507665, 9.493726364829914, 9.469962241383197), 788.3108999729156)
Day:2 
(2, 18, 100, -202018.0743774433, 52555447443.0, (4.361270691827415, 7.3304830747507665, 9.493726364829914, 9.469962241383197), 776.5320978164673)
Day:2 
(2, 19, 100, -201997.81671380636, 52555447417.0, (4.361270691827415, 7.3304830747507665, 9.493726364829914, 9.469962241383197), 771.6627571582794)
Day:2 
(2, 20, 100, -201962.71202184286, 52555448140.0, (4.361270691827415, 7.3304830747507665, 9.493726364829914, 9.469962241383197), 735.4103660583496)
Day:2 
(2, 21, 100, -201849.31331144698, 52538094229.0, (4.361270691827415, 7.3304830747507665, 9.493726364829914, 9.469962241383197), 808.6626827716827)
Day:2 
(2, 22, 100, -77024.34011688482, 8567116978.0, (4.351776107302161, 10.373338278652932, 12.498465342639948, 11.466293523639093), 785.1425800323486)
Day:2 
(2, 23, 100, -76884.14320433434, 8567116826.0, (4.351776107302161, 10.373338278652932, 12.498465342639948, 11.466293523639093), 785.0874571800232)
Day:2 
(2, 24, 100, -75958.7463885335, 8489777703.0, (4.351776107302161, 10.373338278652932, 12.498465342639948, 11.466293523639093), 839.2385938167572)
Day:2 
(2, 25, 100, -75120.22368142063, 8488782457.0, (4.351776107302161, 10.373338278652932, 12.498465342639948, 11.466293523639093), 796.7429189682007)
Day:2 
(2, 26, 100, -74913.20487111821, 8485947259.0, (4.351776107302161, 10.373338278652932, 12.498465342639948, 11.466293523639093), 756.4553060531616)
Day:2 
(2, 27, 100, -74626.09396607574, 8464895642.0, (4.351776107302161, 10.373338278652932, 12.498465342639948, 11.466293523639093), 769.030179977417)
Day:2 
(2, 28, 100, -74489.96677037764, 8464804847.0, (4.351776107302161, 10.373338278652932, 12.498465342639948, 11.466293523639093), 783.7199380397797)
Day:2 
(2, 29, 100, -74412.07454732784, 8464800215.0, (4.351776107302161, 10.373338278652932, 12.498465342639948, 11.466293523639093), 782.1061279773712)
Day:2 
(2, 30, 100, -74319.0967056698, 8464800865.0, (4.351776107302161, 10.373338278652932, 12.498465342639948, 11.466293523639093), 735.2215931415558)
Day:2 
(2, 31, 100, -74185.55424047363, 8455330075.0, (4.351776107302161, 10.373338278652932, 12.498465342639948, 11.466293523639093), 772.5724320411682)
Day:2 
(2, 32, 100, -74184.56327370432, 8453929634.0, (4.351776107302161, 10.373338278652932, 12.498465342639948, 11.466293523639093), 807.2278878688812)
Day:2 
(2, 33, 100, -74038.91153010723, 8440661786.0, (4.351776107302161, 10.373338278652932, 12.498465342639948, 11.466293523639093), 783.7845740318298)
Day:2 
(2, 34, 100, -73967.78522584002, 8440659145.0, (4.351776107302161, 10.373338278652932, 12.498465342639948, 11.466293523639093), 801.2022869586945)
Day:2 
(2, 35, 100, -73916.03373760816, 8440657057.0, (4.351776107302161, 10.373338278652932, 12.498465342639948, 11.466293523639093), 806.062422990799)
Day:2 
(2, 36, 100, -73881.74153202244, 8440641524.0, (4.351776107302161, 10.373338278652932, 12.498465342639948, 11.466293523639093), 792.9490189552307)
Day:2 
(2, 37, 100, -73853.8566199493, 8440798837.0, (4.351776107302161, 10.373338278652932, 12.498465342639948, 11.466293523639093), 745.5876090526581)
Day:2 
(2, 38, 100, -73805.53442980621, 8440800006.0, (4.351776107302161, 10.373338278652932, 12.498465342639948, 11.466293523639093), 750.6506459712982)
Day:2 
(2, 39, 100, -73682.27805088858, 8438628392.0, (4.351776107302161, 10.373338278652932, 12.498465342639948, 11.466293523639093), 801.2714829444885)
Day:2 
(2, 40, 100, -73635.81481903039, 8436782995.0, (4.351776107302161, 10.373338278652932, 12.498465342639948, 11.466293523639093), 796.7640261650085)
Day:2 
(2, 41, 100, -73552.8709465826, 8436792681.0, (4.351776107302161, 10.373338278652932, 12.498465342639948, 11.466293523639093), 808.2758889198303)
Day:2 
(2, 42, 100, -73543.29753449385, 8437293683.0, (4.351776107302161, 10.373338278652932, 12.498465342639948, 11.466293523639093), 754.256355047226)
Day:2 
(2, 43, 100, -73523.7417437461, 8437293649.0, (4.351776107302161, 10.373338278652932, 12.498465342639948, 11.466293523639093), 828.7232100963593)
Day:2 
(2, 44, 100, -73491.00680267051, 8437314185.0, (4.351776107302161, 10.373338278652932, 12.498465342639948, 11.466293523639093), 861.2355208396912)
Day:2 
(2, 45, 100, -73475.48626436318, 8437297289.0, (4.351776107302161, 10.373338278652932, 12.498465342639948, 11.466293523639093), 707.5084710121155)