
Day:1 
(1, 0, 100, -11950.068315489534, 109782752.0, (1.0610195167241172, 5.954444287692763, 10.936541877584068, 7.654668142890166), 4.355772018432617)
Day:1 
(1, 1, 100, -3087.853954045716, 13998451.0, (1.4423588248092267, 16.28181414267961, 18.734575034231387, 11.665833323810302), 33.57548785209656)
Day:1 
(1, 2, 100, -1006.0567354892468, 5036584.0, (6.492425424697482, 9.92059194965148, 19.047667638685105, 10.78025202555265), 33.941646099090576)
Day:1 
(1, 3, 100, -985.5653042762028, 5833933.0, (6.492425424697482, 9.92059194965148, 19.047667638685105, 10.78025202555265), 34.242913007736206)
Day:1 
(1, 4, 100, -962.1014866346777, 5182217.0, (6.492425424697482, 9.92059194965148, 19.047667638685105, 10.78025202555265), 34.361533880233765)
Day:1 
(1, 5, 100, -937.9788277838163, 8735990.0, (6.492425424697482, 9.92059194965148, 19.047667638685105, 10.78025202555265), 34.424060106277466)
Day:1 
(1, 6, 100, -921.9010166184569, 8683543.0, (6.492425424697482, 9.92059194965148, 19.047667638685105, 10.78025202555265), 34.379724979400635)
Day:1 
(1, 7, 100, -905.1961737371828, 4468406.0, (6.492425424697482, 9.92059194965148, 19.047667638685105, 10.78025202555265), 34.531038999557495)
Day:1 
(1, 8, 100, -900.3792539286829, 4410177.0, (6.492425424697482, 9.92059194965148, 19.047667638685105, 10.78025202555265), 34.52814507484436)
Day:1 
(1, 9, 100, -897.5837032860679, 4877202.0, (6.492425424697482, 9.92059194965148, 19.047667638685105, 10.78025202555265), 34.95596385002136)
Day:1 
(1, 10, 100, -887.114159570127, 4866710.0, (6.492425424697482, 9.92059194965148, 19.047667638685105, 10.78025202555265), 34.55405402183533)
Day:1 
(1, 11, 100, -888.939343408142, 4867801.0, (6.492425424697482, 9.92059194965148, 19.047667638685105, 10.78025202555265), 34.579046964645386)
Day:1 
(1, 12, 100, -882.7545726401831, 4298419.0, (6.492425424697482, 9.92059194965148, 19.047667638685105, 10.78025202555265), 34.56702017784119)
Day:1 
(1, 13, 100, -881.7003078523579, 4789631.0, (6.492425424697482, 9.92059194965148, 19.047667638685105, 10.78025202555265), 34.52707386016846)
Day:1 
(1, 14, 100, -883.9077554648034, 4789941.0, (6.492425424697482, 9.92059194965148, 19.047667638685105, 10.78025202555265), 34.537888050079346)
Day:1 
(1, 15, 100, -882.4176790435838, 4719092.0, (6.492425424697482, 9.92059194965148, 19.047667638685105, 10.78025202555265), 34.644062995910645)
Day:1 
(1, 16, 100, -871.8759880235834, 5942136.0, (6.492425424697482, 9.92059194965148, 19.047667638685105, 10.78025202555265), 34.631924867630005)
Day:1 
(1, 17, 100, -867.6968974218953, 1687724.0, (6.492425424697482, 9.92059194965148, 19.047667638685105, 10.78025202555265), 34.66457915306091)
Day:1 
(1, 18, 100, -868.3541974709959, 1687004.0, (6.492425424697482, 9.92059194965148, 19.047667638685105, 10.78025202555265), 34.72618007659912)
Day:1 
(1, 19, 100, -871.0274513758841, 1689699.0, (6.492425424697482, 9.92059194965148, 19.047667638685105, 10.78025202555265), 35.534971952438354)
Day:1 
(1, 20, 100, -868.7742925368186, 1550062.0, (6.492425424697482, 9.92059194965148, 19.047667638685105, 10.78025202555265), 35.033344984054565)
Day:1 
(1, 21, 100, -866.0720862300722, 1552586.0, (6.492425424697482, 9.92059194965148, 19.047667638685105, 10.78025202555265), 35.026654958724976)
Day:1 
(1, 22, 100, -864.9787791293945, 1549791.0, (6.492425424697482, 9.92059194965148, 19.047667638685105, 10.78025202555265), 35.0711030960083)
Day:1 
(1, 23, 100, -864.8919381232059, 1550333.0, (6.492425424697482, 9.92059194965148, 19.047667638685105, 10.78025202555265), 35.18419289588928)
Day:1 
(1, 24, 100, -862.8697910445537, 1551276.0, (6.492425424697482, 9.92059194965148, 19.047667638685105, 10.78025202555265), 35.0960590839386)
Day:1 
(1, 25, 100, -860.0288993409091, 1549968.0, (6.492425424697482, 9.92059194965148, 19.047667638685105, 10.78025202555265), 35.10387897491455)
Day:1 
(1, 26, 100, -856.9359935154789, 1548666.0, (6.492425424697482, 9.92059194965148, 19.047667638685105, 10.78025202555265), 35.094040870666504)
Day:1 
(1, 27, 100, -856.8510223191299, 1549354.0, (6.492425424697482, 9.92059194965148, 19.047667638685105, 10.78025202555265), 35.14227104187012)
Day:1 
(1, 28, 100, -852.705417016578, 1542186.0, (6.492425424697482, 9.92059194965148, 19.047667638685105, 10.78025202555265), 35.10990595817566)
Day:1 
(1, 29, 100, -852.1350708345051, 7719937.0, (6.492425424697482, 9.92059194965148, 19.047667638685105, 10.78025202555265), 35.138836145401)
Day:1 
(1, 30, 100, -852.6618141377473, 6592605.0, (6.492425424697482, 9.92059194965148, 19.047667638685105, 10.78025202555265), 35.540055990219116)
Day:1 
(1, 31, 100, -852.1700481699402, 4049957.0, (6.492425424697482, 9.92059194965148, 19.047667638685105, 10.78025202555265), 35.19402003288269)
Day:1 
(1, 32, 100, -853.2140805088011, 3018412.0, (6.492425424697482, 9.92059194965148, 19.047667638685105, 10.78025202555265), 35.20646786689758)
Day:1 
(1, 33, 100, -381.50989857118515, 920257.0, (5.194376389086118, 8.734359086185858, 24.692052345246495, 9.607892664254326), 34.98941493034363)
Day:1 
(1, 34, 100, -385.3622626651647, 996095.0, (5.194376389086118, 8.734359086185858, 24.692052345246495, 9.607892664254326), 35.175565004348755)
Day:1 
(1, 35, 100, -376.6665880547195, 2029099.0, (5.194376389086118, 8.734359086185858, 24.692052345246495, 9.607892664254326), 35.15230202674866)
Day:1 
(1, 36, 100, -375.2530214488251, 885928.0, (5.194376389086118, 8.734359086185858, 24.692052345246495, 9.607892664254326), 35.080178022384644)
Day:1 
(1, 37, 100, -371.04357122990433, 876378.0, (5.194376389086118, 8.734359086185858, 24.692052345246495, 9.607892664254326), 35.11310005187988)
Day:1 
(1, 38, 100, -368.2615094765793, 1425967.0, (5.194376389086118, 8.734359086185858, 24.692052345246495, 9.607892664254326), 35.168654918670654)
Day:1 
(1, 39, 100, -365.1332497009611, 912271.0, (5.194376389086118, 8.734359086185858, 24.692052345246495, 9.607892664254326), 35.231141090393066)
Day:1 
(1, 40, 100, -367.0296086546219, 1782870.0, (5.194376389086118, 8.734359086185858, 24.692052345246495, 9.607892664254326), 35.375576972961426)
Day:1 
(1, 41, 100, -363.0990922326911, 1091595.0, (5.194376389086118, 8.734359086185858, 24.692052345246495, 9.607892664254326), 35.37352800369263)
Day:1 
(1, 42, 100, -363.29854405463306, 2531569.0, (5.194376389086118, 8.734359086185858, 24.692052345246495, 9.607892664254326), 35.393577098846436)
Day:1 
(1, 43, 100, -362.20121201643525, 4019693.0, (5.194376389086118, 8.734359086185858, 24.692052345246495, 9.607892664254326), 35.06421899795532)
Day:1 
(1, 44, 100, -361.72489659976355, 5487397.0, (5.194376389086118, 8.734359086185858, 24.692052345246495, 9.607892664254326), 35.17466402053833)
Day:1 
(1, 45, 100, -358.7364366150894, 2133717.0, (5.194376389086118, 8.734359086185858, 24.692052345246495, 9.607892664254326), 35.2495219707489)
Day:1 
(1, 46, 100, -356.88547343685633, 2133962.0, (5.194376389086118, 8.734359086185858, 24.692052345246495, 9.607892664254326), 35.33284592628479)
Day:1 
(1, 47, 100, -361.7546087804328, 1046630.0, (5.194376389086118, 8.734359086185858, 24.692052345246495, 9.607892664254326), 35.308067083358765)
Day:1 
(1, 48, 100, -357.6981288442745, 951472.0, (5.194376389086118, 8.734359086185858, 24.692052345246495, 9.607892664254326), 35.16027092933655)
Day:1 
(1, 49, 100, -360.8761431441202, 952454.0, (5.194376389086118, 8.734359086185858, 24.692052345246495, 9.607892664254326), 35.21185302734375)
Day:1 
(1, 50, 100, -361.64709952275206, 951621.0, (5.194376389086118, 8.734359086185858, 24.692052345246495, 9.607892664254326), 35.151793003082275)
Day:2 
(2, 0, 100, -1533750.1439656492, 159132673308.0, (5.194376389086118, 8.734359086185858, 24.692052345246495, 9.607892664254326), 17.92583203315735)
Day:2 
(2, 1, 100, -1533702.7162573547, 159132666471.0, (5.194376389086118, 8.734359086185858, 24.692052345246495, 9.607892664254326), 665.8598258495331)
Day:2 
(2, 2, 100, -464282.34269796975, 107897259440.0, (1.1556415959085715, 8.020851849038316, 9.296520976213404, 8.693185200722159), 742.4768350124359)
Day:2 
(2, 3, 100, -450451.5515057051, 40565217618.0, (3.1594077254105195, 2.995833689792442, 7.961680314753687, 4.55492592290194), 794.7763850688934)
Day:2 
(2, 4, 100, -449578.96379100345, 40490643702.0, (3.1594077254105195, 2.995833689792442, 7.961680314753687, 4.55492592290194), 779.61288189888)
Day:2 
(2, 5, 100, -448839.58090087335, 40439194555.0, (3.1594077254105195, 2.995833689792442, 7.961680314753687, 4.55492592290194), 785.8805232048035)
Day:2 
(2, 6, 100, -245111.21022568567, 67238523745.0, (7.189185540847491, 5.763390798128883, 7.949624266719533, 8.783734566379918), 723.656439781189)
Day:2 
(2, 7, 100, -244920.6985371123, 67117277855.0, (7.189185540847491, 5.763390798128883, 7.949624266719533, 8.783734566379918), 840.0691401958466)
Day:2 
(2, 8, 100, -244674.1225884041, 67117292550.0, (7.189185540847491, 5.763390798128883, 7.949624266719533, 8.783734566379918), 768.1136448383331)
Day:2 
(2, 9, 100, -244487.48686159495, 67117312378.0, (7.189185540847491, 5.763390798128883, 7.949624266719533, 8.783734566379918), 731.6798319816589)
Day:2 
(2, 10, 100, -244384.20823442738, 67117222824.0, (7.189185540847491, 5.763390798128883, 7.949624266719533, 8.783734566379918), 796.6127610206604)
Day:2 
(2, 11, 100, -243984.23161978353, 67058061831.0, (7.189185540847491, 5.763390798128883, 7.949624266719533, 8.783734566379918), 760.5753619670868)
Day:2 
(2, 12, 100, -243942.09471615846, 67058060201.0, (7.189185540847491, 5.763390798128883, 7.949624266719533, 8.783734566379918), 856.4584012031555)
Day:2 
(2, 13, 100, -243184.4075425509, 66788968716.0, (7.189185540847491, 5.763390798128883, 7.949624266719533, 8.783734566379918), 783.5803818702698)
Day:2 
(2, 14, 100, -243040.96640643702, 66767901293.0, (7.189185540847491, 5.763390798128883, 7.949624266719533, 8.783734566379918), 728.6629719734192)
Day:2 
(2, 15, 100, -171744.51560921257, 34162345488.0, (3.1531993371602547, 4.457235912803702, 7.462794244562817, 6.601719335990104), 754.1895821094513)
Day:2 
(2, 16, 100, -171631.51544455727, 34162324121.0, (3.1531993371602547, 4.457235912803702, 7.462794244562817, 6.601719335990104), 743.8993899822235)
Day:2 
(2, 17, 100, -171599.89549982012, 34162329933.0, (3.1531993371602547, 4.457235912803702, 7.462794244562817, 6.601719335990104), 833.5437738895416)
Day:2 
(2, 18, 100, -170741.62066737626, 34035379299.0, (3.1531993371602547, 4.457235912803702, 7.462794244562817, 6.601719335990104), 812.9381539821625)
Day:2 
(2, 19, 100, -170401.44180426153, 33954362134.0, (3.1531993371602547, 4.457235912803702, 7.462794244562817, 6.601719335990104), 750.7909731864929)
Day:2 
(2, 20, 100, -170365.7320070188, 33954378013.0, (3.1531993371602547, 4.457235912803702, 7.462794244562817, 6.601719335990104), 816.3498167991638)
Day:2 
(2, 21, 100, -169948.55935940394, 33851384358.0, (3.1531993371602547, 4.457235912803702, 7.462794244562817, 6.601719335990104), 790.5882070064545)
Day:2 
(2, 22, 100, -169924.09755247517, 33851391507.0, (3.1531993371602547, 4.457235912803702, 7.462794244562817, 6.601719335990104), 804.0683879852295)
Day:2 
(2, 23, 100, -169899.36108381068, 33851390306.0, (3.1531993371602547, 4.457235912803702, 7.462794244562817, 6.601719335990104), 815.7664852142334)
Day:2 
(2, 24, 100, -169876.17315163085, 33851391435.0, (3.1531993371602547, 4.457235912803702, 7.462794244562817, 6.601719335990104), 744.4907858371735)
Day:2 
(2, 25, 100, -169402.22349346225, 33799055021.0, (3.1531993371602547, 4.457235912803702, 7.462794244562817, 6.601719335990104), 875.3257989883423)
Day:2 
(2, 26, 100, -169378.13717146928, 33799053449.0, (3.1531993371602547, 4.457235912803702, 7.462794244562817, 6.601719335990104), 772.0090661048889)
Day:2 
(2, 27, 100, -169070.6074835926, 33760254294.0, (3.1531993371602547, 4.457235912803702, 7.462794244562817, 6.601719335990104), 765.155238866806)
Day:2 
(2, 28, 100, -169007.83205258523, 33759840525.0, (3.1531993371602547, 4.457235912803702, 7.462794244562817, 6.601719335990104), 746.0344791412354)
Day:2 
(2, 29, 100, -168999.22280606852, 33759805230.0, (3.1531993371602547, 4.457235912803702, 7.462794244562817, 6.601719335990104), 817.310956954956)
Day:2 
(2, 30, 100, -168752.5310023821, 33701775460.0, (3.1531993371602547, 4.457235912803702, 7.462794244562817, 6.601719335990104), 824.2172799110413)
Day:2 
(2, 31, 100, -168725.50007504132, 33701767358.0, (3.1531993371602547, 4.457235912803702, 7.462794244562817, 6.601719335990104), 824.5220911502838)
Day:2 
(2, 32, 100, -168701.3066358392, 33701763453.0, (3.1531993371602547, 4.457235912803702, 7.462794244562817, 6.601719335990104), 802.8186960220337)
Day:2 
(2, 33, 100, -168676.57792905477, 33701755163.0, (3.1531993371602547, 4.457235912803702, 7.462794244562817, 6.601719335990104), 763.0783250331879)
Day:2 
(2, 34, 100, -168675.8480358871, 33701759763.0, (3.1531993371602547, 4.457235912803702, 7.462794244562817, 6.601719335990104), 710.4640648365021)
Day:2 
(2, 35, 100, -168658.83861491721, 33701237464.0, (3.1531993371602547, 4.457235912803702, 7.462794244562817, 6.601719335990104), 778.5212669372559)
Day:2 
(2, 36, 100, -168645.01247326346, 33701237653.0, (3.1531993371602547, 4.457235912803702, 7.462794244562817, 6.601719335990104), 802.9817311763763)
Day:2 
(2, 37, 100, -168611.16523980207, 33701230578.0, (3.1531993371602547, 4.457235912803702, 7.462794244562817, 6.601719335990104), 725.7742848396301)
Day:2 
(2, 38, 100, -112834.16519473771, 32359572188.0, (6.141136228091977, 13.541381458316987, 9.599260458211086, 12.050758722674344), 800.4017910957336)
Day:2 
(2, 39, 100, -112587.44038908243, 32351799516.0, (6.141136228091977, 13.541381458316987, 9.599260458211086, 12.050758722674344), 810.9359159469604)
Day:2 
(2, 40, 100, -112582.47286978964, 32351555701.0, (6.141136228091977, 13.541381458316987, 9.599260458211086, 12.050758722674344), 781.2461969852448)
Day:2 
(2, 41, 100, -112569.26308888382, 32351555657.0, (6.141136228091977, 13.541381458316987, 9.599260458211086, 12.050758722674344), 796.0005650520325)
Day:2 
(2, 42, 100, -112566.83569689048, 32351554926.0, (6.141136228091977, 13.541381458316987, 9.599260458211086, 12.050758722674344), 717.0886299610138)
Day:2 
(2, 43, 100, -112542.8322361368, 32351554577.0, (6.141136228091977, 13.541381458316987, 9.599260458211086, 12.050758722674344), 866.7351200580597)
Day:2 
(2, 44, 100, -112267.95227473183, 32345247002.0, (6.141136228091977, 13.541381458316987, 9.599260458211086, 12.050758722674344), 841.4209530353546)
Day:2 
(2, 45, 100, -112224.50737596091, 32343145702.0, (6.141136228091977, 13.541381458316987, 9.599260458211086, 12.050758722674344), 828.0552699565887)