
Day:1 
(1, 0, 100, -397124.7111277958, 134582686719.0, (5.266971736746323, 0.3295835162550165, 8.237772334842775, 3.756595356415439), 4.218700170516968)
Day:1 
(1, 1, 100, -5576.747258666746, 47079855.0, (5.266971736746323, 3.8838918133489115, 8.237772334842775, 7.889121660650755), 7.992024898529053)
Day:1 
(1, 2, 100, -5519.131785544883, 33288572.0, (5.266971736746323, 3.8838918133489115, 8.237772334842775, 7.889121660650755), 8.19066309928894)
Day:1 
(1, 3, 100, -2160.9956713453403, 8999650.0, (5.266971736746323, 3.8838918133489115, 0.3660809049985235, 7.469477816304112), 7.9179909229278564)
Day:1 
(1, 4, 100, -2126.791260054124, 8646550.0, (5.266971736746323, 3.8838918133489115, 0.3660809049985235, 7.469477816304112), 8.348766088485718)
Day:1 
(1, 5, 100, -2073.9955293000826, 6774502.0, (5.266971736746323, 3.8838918133489115, 0.3660809049985235, 7.469477816304112), 8.474123001098633)
Day:1 
(1, 6, 100, -2047.5455366362187, 6725816.0, (5.266971736746323, 3.8838918133489115, 0.3660809049985235, 7.469477816304112), 8.435182809829712)
Day:1 
(1, 7, 100, -2042.8853510981048, 7482113.0, (5.266971736746323, 3.8838918133489115, 0.3660809049985235, 7.469477816304112), 8.53494906425476)
Day:1 
(1, 8, 100, -1675.8924081267003, 2674199.0, (5.266971736746323, 4.4028673402555025, 0.3660809049985235, 7.469477816304112), 8.609283924102783)
Day:1 
(1, 9, 100, -1618.5308830852455, 3652826.0, (5.266971736746323, 4.4028673402555025, 0.3660809049985235, 7.469477816304112), 8.864089012145996)
Day:1 
(1, 10, 100, -1588.0828198595289, 2955390.0, (5.266971736746323, 4.4028673402555025, 0.3660809049985235, 7.469477816304112), 8.856941223144531)
Day:1 
(1, 11, 100, -1583.271039240379, 3984368.0, (5.266971736746323, 4.4028673402555025, 0.3660809049985235, 7.469477816304112), 9.009140968322754)
Day:1 
(1, 12, 100, -1566.4911945379959, 2369506.0, (5.266971736746323, 4.4028673402555025, 0.3660809049985235, 7.469477816304112), 8.550740003585815)
Day:1 
(1, 13, 100, -1545.5841233789395, 2834390.0, (5.266971736746323, 4.4028673402555025, 0.3660809049985235, 7.469477816304112), 8.594863891601562)
Day:1 
(1, 14, 100, -1547.9274164692085, 2546994.0, (5.266971736746323, 4.4028673402555025, 0.3660809049985235, 7.469477816304112), 8.4863600730896)
Day:1 
(1, 15, 100, -1543.3539313980116, 3901266.0, (5.266971736746323, 4.4028673402555025, 0.3660809049985235, 7.469477816304112), 8.499802827835083)
Day:1 
(1, 16, 100, -1536.7581849786156, 2268808.0, (5.266971736746323, 4.4028673402555025, 0.3660809049985235, 7.469477816304112), 8.526617050170898)
Day:1 
(1, 17, 100, -1537.070293170808, 2954837.0, (5.266971736746323, 4.4028673402555025, 0.3660809049985235, 7.469477816304112), 8.525705099105835)
Day:1 
(1, 18, 100, -1544.628035958002, 3438262.0, (5.266971736746323, 4.4028673402555025, 0.3660809049985235, 7.469477816304112), 8.538733005523682)
Day:1 
(1, 19, 100, -1538.1475031037303, 2304450.0, (5.266971736746323, 4.4028673402555025, 0.3660809049985235, 7.469477816304112), 8.539054870605469)
Day:1 
(1, 20, 100, -1541.2251528112874, 2565505.0, (5.266971736746323, 4.4028673402555025, 0.3660809049985235, 7.469477816304112), 8.558314085006714)
Day:1 
(1, 21, 100, -1536.8826676825067, 2419231.0, (5.266971736746323, 4.4028673402555025, 0.3660809049985235, 7.469477816304112), 8.581813097000122)
Day:1 
(1, 22, 100, -1535.2590501558268, 2990934.0, (5.266971736746323, 4.4028673402555025, 0.3660809049985235, 7.469477816304112), 8.720257997512817)
Day:1 
(1, 23, 100, -1534.2976828275905, 2287924.0, (5.266971736746323, 4.4028673402555025, 0.3660809049985235, 7.469477816304112), 8.606748819351196)
Day:1 
(1, 24, 100, -1532.741706515383, 6048290.0, (5.266971736746323, 4.4028673402555025, 0.3660809049985235, 7.469477816304112), 8.617858171463013)
Day:1 
(1, 25, 100, -1527.4451402606728, 3278057.0, (5.266971736746323, 4.4028673402555025, 0.3660809049985235, 7.469477816304112), 8.77733302116394)
Day:1 
(1, 26, 100, -1526.6044003652203, 2352321.0, (5.266971736746323, 4.4028673402555025, 0.3660809049985235, 7.469477816304112), 8.735919952392578)
Day:1 
(1, 27, 100, -1525.0225914608382, 3760132.0, (5.266971736746323, 4.4028673402555025, 0.3660809049985235, 7.469477816304112), 8.737158060073853)
Day:1 
(1, 28, 100, -1526.4761767121277, 2977141.0, (5.266971736746323, 4.4028673402555025, 0.3660809049985235, 7.469477816304112), 8.609660863876343)
Day:1 
(1, 29, 100, -1523.9845050380045, 2364547.0, (5.266971736746323, 4.4028673402555025, 0.3660809049985235, 7.469477816304112), 8.804244995117188)
Day:1 
(1, 30, 100, -1523.4860156854102, 2238755.0, (5.266971736746323, 4.4028673402555025, 0.3660809049985235, 7.469477816304112), 8.608942985534668)
Day:1 
(1, 31, 100, -1523.2642125552625, 3399204.0, (5.266971736746323, 4.4028673402555025, 0.3660809049985235, 7.469477816304112), 8.613882064819336)
Day:1 
(1, 32, 100, -1526.0118439763676, 4663153.0, (5.266971736746323, 4.4028673402555025, 0.3660809049985235, 7.469477816304112), 8.631716012954712)
Day:1 
(1, 33, 100, -1529.3893412585558, 2549709.0, (5.266971736746323, 4.4028673402555025, 0.3660809049985235, 7.469477816304112), 8.641255855560303)
Day:1 
(1, 34, 100, -1527.7465854166437, 3562955.0, (5.266971736746323, 4.4028673402555025, 0.3660809049985235, 7.469477816304112), 8.619150161743164)
Day:1 
(1, 35, 100, -1526.8509644856742, 3292971.0, (5.266971736746323, 4.4028673402555025, 0.3660809049985235, 7.469477816304112), 8.6163969039917)
Day:1 
(1, 36, 100, -1525.2439340987078, 3016807.0, (5.266971736746323, 4.4028673402555025, 0.3660809049985235, 7.469477816304112), 8.629740953445435)
Day:1 
(1, 37, 100, -1526.073049482746, 2191852.0, (5.266971736746323, 4.4028673402555025, 0.3660809049985235, 7.469477816304112), 8.617943048477173)
Day:1 
(1, 38, 100, -1524.430856323611, 2317401.0, (5.266971736746323, 4.4028673402555025, 0.3660809049985235, 7.469477816304112), 8.786955118179321)
Day:1 
(1, 39, 100, -1524.7311134524807, 2562932.0, (5.266971736746323, 4.4028673402555025, 0.3660809049985235, 7.469477816304112), 8.657914876937866)
Day:1 
(1, 40, 100, -1524.280720141872, 2752677.0, (5.266971736746323, 4.4028673402555025, 0.3660809049985235, 7.469477816304112), 8.687292098999023)
Day:1 
(1, 41, 100, -1526.7872568728499, 3159711.0, (5.266971736746323, 4.4028673402555025, 0.3660809049985235, 7.469477816304112), 8.6527259349823)
Day:1 
(1, 42, 100, -1525.1518184711535, 2928117.0, (5.266971736746323, 4.4028673402555025, 0.3660809049985235, 7.469477816304112), 8.6582190990448)
Day:1 
(1, 43, 100, -1529.42068426417, 2274892.0, (5.266971736746323, 4.4028673402555025, 0.3660809049985235, 7.469477816304112), 8.69697093963623)
Day:1 
(1, 44, 100, -1527.1558132204136, 2184887.0, (5.266971736746323, 4.4028673402555025, 0.3660809049985235, 7.469477816304112), 8.687506914138794)
Day:1 
(1, 45, 100, -1515.2414158947963, 2217298.0, (5.266971736746323, 4.4028673402555025, 0.3660809049985235, 7.469477816304112), 8.678555011749268)
Day:1 
(1, 46, 100, -1514.0096610497649, 2236036.0, (5.266971736746323, 4.4028673402555025, 0.3660809049985235, 7.469477816304112), 8.680140018463135)
Day:1 
(1, 47, 100, -1514.4261655782648, 2453851.0, (5.266971736746323, 4.4028673402555025, 0.3660809049985235, 7.469477816304112), 8.74623703956604)
Day:1 
(1, 48, 100, -1511.448419988758, 2142833.0, (5.266971736746323, 4.4028673402555025, 0.3660809049985235, 7.469477816304112), 8.79385495185852)
Day:1 
(1, 49, 100, -1513.482674287912, 2141835.0, (5.266971736746323, 4.4028673402555025, 0.3660809049985235, 7.469477816304112), 8.7011399269104)
Day:1 
(1, 50, 100, -1509.5341888680093, 2279400.0, (5.266971736746323, 4.4028673402555025, 0.3660809049985235, 7.469477816304112), 8.685638189315796)
Day:1 
(1, 51, 100, -1508.8532303630097, 2279527.0, (5.266971736746323, 4.4028673402555025, 0.3660809049985235, 7.469477816304112), 8.729180812835693)
Day:1 
(1, 52, 100, -1511.4841480057619, 4964063.0, (5.266971736746323, 4.4028673402555025, 0.3660809049985235, 7.469477816304112), 9.049610137939453)
Day:1 
(1, 53, 100, -1513.2122378474862, 6964735.0, (5.266971736746323, 4.4028673402555025, 0.3660809049985235, 7.469477816304112), 8.753078937530518)
Day:1 
(1, 54, 100, -1507.8890937442097, 2410416.0, (5.266971736746323, 4.4028673402555025, 0.3660809049985235, 7.469477816304112), 8.768335103988647)
Day:1 
(1, 55, 100, -1505.1729809947763, 2437496.0, (5.266971736746323, 4.4028673402555025, 0.3660809049985235, 7.469477816304112), 8.797056913375854)
Day:1 
(1, 56, 100, -1507.7112926324173, 4907772.0, (5.266971736746323, 4.4028673402555025, 0.3660809049985235, 7.469477816304112), 8.791897058486938)
Day:1 
(1, 57, 100, -1506.8152914757432, 3555765.0, (5.266971736746323, 4.4028673402555025, 0.3660809049985235, 7.469477816304112), 8.75286602973938)
Day:1 
(1, 58, 100, -1508.678821039063, 2435369.0, (5.266971736746323, 4.4028673402555025, 0.3660809049985235, 7.469477816304112), 8.785279035568237)
Day:1 
(1, 59, 100, -1506.6876188343417, 3827306.0, (5.266971736746323, 4.4028673402555025, 0.3660809049985235, 7.469477816304112), 8.767581939697266)
Day:1 
(1, 60, 100, -1506.199234892938, 2274483.0, (5.266971736746323, 4.4028673402555025, 0.3660809049985235, 7.469477816304112), 8.777683973312378)
Day:1 
(1, 61, 100, -1507.3214161392857, 2117310.0, (5.266971736746323, 4.4028673402555025, 0.3660809049985235, 7.469477816304112), 8.772011041641235)
Day:1 
(1, 62, 100, -1507.8173894095478, 2421583.0, (5.266971736746323, 4.4028673402555025, 0.3660809049985235, 7.469477816304112), 8.760615825653076)
Day:1 
(1, 63, 100, -1509.6860364251534, 2384486.0, (5.266971736746323, 4.4028673402555025, 0.3660809049985235, 7.469477816304112), 8.767538070678711)
Day:1 
(1, 64, 100, -1509.8624378689578, 2381557.0, (5.266971736746323, 4.4028673402555025, 0.3660809049985235, 7.469477816304112), 8.774095058441162)
Day:1 
(1, 65, 100, -1509.6679560285684, 2208331.0, (5.266971736746323, 4.4028673402555025, 0.3660809049985235, 7.469477816304112), 8.761229038238525)
Day:1 
(1, 66, 100, -1507.7212695029111, 2521111.0, (5.266971736746323, 4.4028673402555025, 0.3660809049985235, 7.469477816304112), 8.729966878890991)
Day:1 
(1, 67, 100, -1503.7733441477683, 2224977.0, (5.266971736746323, 4.4028673402555025, 0.3660809049985235, 7.469477816304112), 8.738990068435669)
Day:1 
(1, 68, 100, -1507.5168285423094, 5743200.0, (5.266971736746323, 4.4028673402555025, 0.3660809049985235, 7.469477816304112), 8.729229927062988)
Day:1 
(1, 69, 100, -1505.1733152997233, 2220910.0, (5.266971736746323, 4.4028673402555025, 0.3660809049985235, 7.469477816304112), 8.869742155075073)
Day:1 
(1, 70, 100, -1501.7735498523664, 2620921.0, (5.266971736746323, 4.4028673402555025, 0.3660809049985235, 7.469477816304112), 8.855247020721436)
Day:1 
(1, 71, 100, -1500.7569730005625, 2468028.0, (5.266971736746323, 4.4028673402555025, 0.3660809049985235, 7.469477816304112), 8.795591831207275)
Day:1 
(1, 72, 100, -1499.8820882303046, 2161214.0, (5.266971736746323, 4.4028673402555025, 0.3660809049985235, 7.469477816304112), 8.86371397972107)
Day:1 
(1, 73, 100, -1505.4677502527197, 5936034.0, (5.266971736746323, 4.4028673402555025, 0.3660809049985235, 7.469477816304112), 8.904556035995483)
Day:1 
(1, 74, 100, -1494.9440981385271, 3055738.0, (5.266971736746323, 4.4028673402555025, 0.3660809049985235, 7.469477816304112), 8.792984008789062)
Day:1 
(1, 75, 100, -1495.7787895222832, 2259165.0, (5.266971736746323, 4.4028673402555025, 0.3660809049985235, 7.469477816304112), 8.79426097869873)
Day:1 
(1, 76, 100, -1496.2302938744447, 3417746.0, (5.266971736746323, 4.4028673402555025, 0.3660809049985235, 7.469477816304112), 8.810866117477417)
Day:1 
(1, 77, 100, -1494.1551600965095, 2806797.0, (5.266971736746323, 4.4028673402555025, 0.3660809049985235, 7.469477816304112), 8.794142961502075)
Day:1 
(1, 78, 100, -1496.1543288776318, 4346587.0, (5.266971736746323, 4.4028673402555025, 0.3660809049985235, 7.469477816304112), 8.806407928466797)
Day:1 
(1, 79, 100, -1500.345997537588, 2594286.0, (5.266971736746323, 4.4028673402555025, 0.3660809049985235, 7.469477816304112), 8.79865312576294)
Day:1 
(1, 80, 100, -1500.007740779817, 3831368.0, (5.266971736746323, 4.4028673402555025, 0.3660809049985235, 7.469477816304112), 8.784644842147827)
Day:1 
(1, 81, 100, -1498.3926816359153, 2093585.0, (5.266971736746323, 4.4028673402555025, 0.3660809049985235, 7.469477816304112), 8.80346417427063)
Day:1 
(1, 82, 100, -1496.7058993413532, 4184347.0, (5.266971736746323, 4.4028673402555025, 0.3660809049985235, 7.469477816304112), 8.804162979125977)
Day:1 
(1, 83, 100, -1496.5527482375167, 3858447.0, (5.266971736746323, 4.4028673402555025, 0.3660809049985235, 7.469477816304112), 8.822880029678345)
Day:1 
(1, 84, 100, -1499.2614515230116, 2274677.0, (5.266971736746323, 4.4028673402555025, 0.3660809049985235, 7.469477816304112), 9.126213788986206)
Day:1 
(1, 85, 100, -1497.618806806641, 2454841.0, (5.266971736746323, 4.4028673402555025, 0.3660809049985235, 7.469477816304112), 8.877408027648926)
Day:1 
(1, 86, 100, -1497.631599732832, 2093038.0, (5.266971736746323, 4.4028673402555025, 0.3660809049985235, 7.469477816304112), 8.898619174957275)
Day:1 
(1, 87, 100, -1494.8986696647735, 2778093.0, (5.266971736746323, 4.4028673402555025, 0.3660809049985235, 7.469477816304112), 9.07762098312378)
Day:1 
(1, 88, 100, -1494.5463217545994, 3627269.0, (5.266971736746323, 4.4028673402555025, 0.3660809049985235, 7.469477816304112), 8.92988896369934)
Day:1 
(1, 89, 100, -1496.9786670026695, 2135655.0, (5.266971736746323, 4.4028673402555025, 0.3660809049985235, 7.469477816304112), 8.88973093032837)
Day:1 
(1, 90, 100, -1499.8587086221576, 3494784.0, (5.266971736746323, 4.4028673402555025, 0.3660809049985235, 7.469477816304112), 8.90038800239563)
Day:1 
(1, 91, 100, -1498.6775705764123, 5299586.0, (5.266971736746323, 4.4028673402555025, 0.3660809049985235, 7.469477816304112), 8.907329082489014)
Day:1 
(1, 92, 100, -1498.1939914656182, 2093237.0, (5.266971736746323, 4.4028673402555025, 0.3660809049985235, 7.469477816304112), 8.8990159034729)
Day:1 
(1, 93, 100, -1497.7247893316887, 2545498.0, (5.266971736746323, 4.4028673402555025, 0.3660809049985235, 7.469477816304112), 8.905012130737305)
Day:1 
(1, 94, 100, -1498.1027297387725, 2343922.0, (5.266971736746323, 4.4028673402555025, 0.3660809049985235, 7.469477816304112), 8.888911962509155)
Day:1 
(1, 95, 100, -1495.6197053452818, 2089750.0, (5.266971736746323, 4.4028673402555025, 0.3660809049985235, 7.469477816304112), 8.904662847518921)
Day:1 
(1, 96, 100, -1498.6324558625176, 6022978.0, (5.266971736746323, 4.4028673402555025, 0.3660809049985235, 7.469477816304112), 8.920872211456299)
Day:1 
(1, 97, 100, -1495.5146937263821, 2167840.0, (5.266971736746323, 4.4028673402555025, 0.3660809049985235, 7.469477816304112), 8.863418817520142)
Day:1 
(1, 98, 100, -1495.2001736980424, 2511028.0, (5.266971736746323, 4.4028673402555025, 0.3660809049985235, 7.469477816304112), 8.8455810546875)
Day:1 
(1, 99, 100, -1497.1432858850499, 2825336.0, (5.266971736746323, 4.4028673402555025, 0.3660809049985235, 7.469477816304112), 8.839566946029663)
Day:1 
(1, 100, 100, -1496.1164192678007, 3085754.0, (5.266971736746323, 4.4028673402555025, 0.3660809049985235, 7.469477816304112), 8.853105068206787)
Day:2 
(2, 0, 100, -4074167.5485853497, 1041852605350.0, (5.266971736746323, 4.4028673402555025, 0.3660809049985235, 7.469477816304112), 17.839904069900513)
Day:2 
(2, 1, 100, -180639.74165082924, 57734131086.0, (5.266971736746323, 4.4028673402555025, 8.547783270264125, 7.469477816304112), 301.162663936615)
Day:2 
(2, 2, 100, -130650.63043209168, 45625540904.0, (5.266971736746323, 5.053298208296085, 8.547783270264125, 7.469477816304112), 322.88943099975586)
Day:2 
(2, 3, 100, -120884.3230246504, 42252674981.0, (5.266971736746323, 5.222273761402091, 8.547783270264125, 7.469477816304112), 316.40147399902344)
Day:2 
(2, 4, 100, -120756.60490804898, 42252734308.0, (5.266971736746323, 5.222273761402091, 8.547783270264125, 7.469477816304112), 316.81870198249817)
Day:2 
(2, 5, 100, -120701.5634428386, 42252733709.0, (5.266971736746323, 5.222273761402091, 8.547783270264125, 7.469477816304112), 345.0139169692993)
Day:2 
(2, 6, 100, -120640.52881188758, 42252105273.0, (5.266971736746323, 5.222273761402091, 8.547783270264125, 7.469477816304112), 334.4030439853668)
Day:2 
(2, 7, 100, -120598.64279879005, 42252124925.0, (5.266971736746323, 5.222273761402091, 8.547783270264125, 7.469477816304112), 312.1152551174164)
Day:2 
(2, 8, 100, -103185.72166269366, 30793265252.0, (4.701878079123825, 5.222273761402091, 8.547783270264125, 7.469477816304112), 329.76708793640137)
Day:2 
(2, 9, 100, -102767.4005295917, 30728538829.0, (4.701878079123825, 5.222273761402091, 8.547783270264125, 7.469477816304112), 338.7935631275177)
Day:2 
(2, 10, 100, -102176.30715971511, 31017167451.0, (4.701878079123825, 5.222273761402091, 8.547783270264125, 7.401508444945909), 333.5985918045044)
Day:2 
(2, 11, 100, -77965.81853876117, 18150453172.0, (4.043660252807121, 5.636808660399168, 8.547783270264125, 7.401508444945909), 313.72526001930237)
Day:2 
(2, 12, 100, -77922.08527579968, 18150450233.0, (4.043660252807121, 5.636808660399168, 8.547783270264125, 7.401508444945909), 344.96408796310425)
Day:2 
(2, 13, 100, -77632.89878151096, 18098853765.0, (4.043660252807121, 5.636808660399168, 8.547783270264125, 7.401508444945909), 335.90789818763733)
Day:2 
(2, 14, 100, -76111.77982443082, 20425109826.0, (4.363649245928856, 5.636808660399168, 8.547783270264125, 7.401508444945909), 317.55466079711914)
Day:2 
(2, 15, 100, -76053.18875496843, 20425094356.0, (4.363649245928856, 5.636808660399168, 8.547783270264125, 7.401508444945909), 326.6912450790405)
Day:2 
(2, 16, 100, -76011.4832215159, 20425088382.0, (4.363649245928856, 5.636808660399168, 8.547783270264125, 7.401508444945909), 337.09824109077454)
Day:2 
(2, 17, 100, -75862.78352814763, 20389219424.0, (4.363649245928856, 5.636808660399168, 8.547783270264125, 7.401508444945909), 319.89172291755676)
Day:2 
(2, 18, 100, -75841.29120649508, 20389213863.0, (4.363649245928856, 5.636808660399168, 8.547783270264125, 7.401508444945909), 351.1985650062561)
Day:2 
(2, 19, 100, -75818.20573702024, 20389220645.0, (4.363649245928856, 5.636808660399168, 8.547783270264125, 7.401508444945909), 323.5401520729065)
Day:2 
(2, 20, 100, -75782.82139043536, 20389221603.0, (4.363649245928856, 5.636808660399168, 8.547783270264125, 7.401508444945909), 346.22006487846375)
Day:2 
(2, 21, 100, -75753.00475964097, 20389237000.0, (4.363649245928856, 5.636808660399168, 8.547783270264125, 7.401508444945909), 315.15932297706604)
Day:2 
(2, 22, 100, -75709.43719816301, 20389285739.0, (4.363649245928856, 5.636808660399168, 8.547783270264125, 7.401508444945909), 349.4550561904907)
Day:2 
(2, 23, 100, -75687.361065983, 20389284097.0, (4.363649245928856, 5.636808660399168, 8.547783270264125, 7.401508444945909), 333.95390701293945)
Day:2 
(2, 24, 100, -75575.17424536018, 20331823263.0, (4.363649245928856, 5.636808660399168, 8.547783270264125, 7.401508444945909), 349.5274169445038)
Day:2 
(2, 25, 100, -75543.72896308289, 20331821335.0, (4.363649245928856, 5.636808660399168, 8.547783270264125, 7.401508444945909), 352.22826194763184)
Day:2 
(2, 26, 100, -75460.38543338433, 20328441705.0, (4.363649245928856, 5.636808660399168, 8.547783270264125, 7.401508444945909), 289.60595297813416)
Day:2 
(2, 27, 100, -75433.57656806987, 20328441912.0, (4.363649245928856, 5.636808660399168, 8.547783270264125, 7.401508444945909), 351.7959349155426)
Day:2 
(2, 28, 100, -75377.82617776058, 20326238299.0, (4.363649245928856, 5.636808660399168, 8.547783270264125, 7.401508444945909), 351.09034514427185)
Day:2 
(2, 29, 100, -75135.51450789698, 20255927689.0, (4.363649245928856, 5.636808660399168, 8.547783270264125, 7.401508444945909), 280.0450339317322)
Day:2 
(2, 30, 100, -75110.47291715206, 20255926191.0, (4.363649245928856, 5.636808660399168, 8.547783270264125, 7.401508444945909), 334.0260829925537)
Day:2 
(2, 31, 100, -74958.410843517, 20172044805.0, (4.363649245928856, 5.636808660399168, 8.547783270264125, 7.401508444945909), 324.1949460506439)
Day:2 
(2, 32, 100, -74942.29366575213, 20172043399.0, (4.363649245928856, 5.636808660399168, 8.547783270264125, 7.401508444945909), 341.2253170013428)
Day:2 
(2, 33, 100, -74932.04932988658, 20172041257.0, (4.363649245928856, 5.636808660399168, 8.547783270264125, 7.401508444945909), 347.5780849456787)
Day:2 
(2, 34, 100, -72412.96464584568, 18289024807.0, (4.363649245928856, 5.636808660399168, 8.274707954167727, 7.401508444945909), 324.4719879627228)
Day:2 
(2, 35, 100, -72271.60030950503, 18278434333.0, (4.363649245928856, 5.636808660399168, 8.274707954167727, 7.401508444945909), 358.5117700099945)
Day:2 
(2, 36, 100, -71926.15907890844, 18188421802.0, (4.363649245928856, 5.636808660399168, 8.274707954167727, 7.401508444945909), 357.8948030471802)
Day:2 
(2, 37, 100, -71564.93988422165, 18164295501.0, (4.363649245928856, 5.636808660399168, 8.274707954167727, 7.401508444945909), 334.489627122879)
Day:2 
(2, 38, 100, -71507.80527083117, 18164288113.0, (4.363649245928856, 5.636808660399168, 8.274707954167727, 7.401508444945909), 324.690123796463)
Day:2 
(2, 39, 100, -71487.75352631779, 18163951328.0, (4.363649245928856, 5.636808660399168, 8.274707954167727, 7.401508444945909), 326.22127199172974)
Day:2 
(2, 40, 100, -58098.45087977788, 8490693350.0, (4.363649245928856, 6.55992947525754, 8.274707954167727, 7.401508444945909), 312.16693210601807)
Day:2 
(2, 41, 100, -51923.919779285185, 7868118549.0, (3.9092634976107634, 6.55992947525754, 8.274707954167727, 7.401508444945909), 337.4287180900574)
Day:2 
(2, 42, 100, -51801.50514712065, 7868096914.0, (3.9092634976107634, 6.55992947525754, 8.274707954167727, 7.401508444945909), 359.1811738014221)
Day:2 
(2, 43, 100, -51689.684735018935, 7868096944.0, (3.9092634976107634, 6.55992947525754, 8.274707954167727, 7.401508444945909), 338.92285418510437)
Day:2 
(2, 44, 100, -51538.01863958291, 7867691137.0, (3.9092634976107634, 6.55992947525754, 8.274707954167727, 7.401508444945909), 339.6845169067383)
Day:2 
(2, 45, 100, -51313.59342122335, 7840452814.0, (3.9092634976107634, 6.55992947525754, 8.274707954167727, 7.401508444945909), 343.40572595596313)
Day:2 
(2, 46, 100, -51284.40610075969, 7840440005.0, (3.9092634976107634, 6.55992947525754, 8.274707954167727, 7.401508444945909), 361.43159198760986)
Day:2 
(2, 47, 100, -51250.65373092255, 7840429239.0, (3.9092634976107634, 6.55992947525754, 8.274707954167727, 7.401508444945909), 340.69841504096985)
Day:2 
(2, 48, 100, -51175.54689770565, 7840410750.0, (3.9092634976107634, 6.55992947525754, 8.274707954167727, 7.401508444945909), 359.26664304733276)
Day:2 
(2, 49, 100, -51090.945030669034, 7840278809.0, (3.9092634976107634, 6.55992947525754, 8.274707954167727, 7.401508444945909), 330.4033200740814)
Day:2 
(2, 50, 100, -51019.4765402215, 7840185376.0, (3.9092634976107634, 6.55992947525754, 8.274707954167727, 7.401508444945909), 343.40901494026184)
Day:2 
(2, 51, 100, -50935.31761956314, 7837785035.0, (3.9092634976107634, 6.55992947525754, 8.274707954167727, 7.401508444945909), 344.594407081604)
Day:2 
(2, 52, 100, -49020.07092768278, 9123227996.0, (3.9092634976107634, 6.55992947525754, 8.274707954167727, 7.689382361122858), 346.8977358341217)
Day:2 
(2, 53, 100, -48972.585667440304, 9123239452.0, (3.9092634976107634, 6.55992947525754, 8.274707954167727, 7.689382361122858), 335.9610230922699)
Day:2 
(2, 54, 100, -48916.51878940137, 9123206041.0, (3.9092634976107634, 6.55992947525754, 8.274707954167727, 7.689382361122858), 358.0011739730835)
Day:2 
(2, 55, 100, -48740.72832528986, 9088660354.0, (3.9092634976107634, 6.55992947525754, 8.274707954167727, 7.689382361122858), 366.70952105522156)
Day:2 
(2, 56, 100, -48690.27810793478, 9088669780.0, (3.9092634976107634, 6.55992947525754, 8.274707954167727, 7.689382361122858), 340.8724248409271)
Day:2 
(2, 57, 100, -48652.55112657091, 9088557186.0, (3.9092634976107634, 6.55992947525754, 8.274707954167727, 7.689382361122858), 362.787358045578)
Day:2 
(2, 58, 100, -48610.81567300306, 9088604247.0, (3.9092634976107634, 6.55992947525754, 8.274707954167727, 7.689382361122858), 356.370236158371)
Day:2 
(2, 59, 100, -42644.640682464356, 9047869014.0, (4.435995842796871, 6.55992947525754, 8.274707954167727, 7.689382361122858), 321.7347037792206)
Day:2 
(2, 60, 100, -42485.360744096004, 9044677705.0, (4.435995842796871, 6.55992947525754, 8.274707954167727, 7.689382361122858), 348.12254905700684)
Day:2 
(2, 61, 100, -42419.24883349615, 9043451963.0, (4.435995842796871, 6.55992947525754, 8.274707954167727, 7.689382361122858), 362.78412103652954)
Day:2 
(2, 62, 100, -42369.419750954716, 9043439225.0, (4.435995842796871, 6.55992947525754, 8.274707954167727, 7.689382361122858), 373.32049894332886)
Day:2 
(2, 63, 100, -42317.617414301065, 9043457005.0, (4.435995842796871, 6.55992947525754, 8.274707954167727, 7.689382361122858), 377.03220200538635)
Day:2 
(2, 64, 100, -42069.110491447784, 8997629989.0, (4.435995842796871, 6.55992947525754, 8.274707954167727, 7.689382361122858), 377.9602611064911)
Day:2 
(2, 65, 100, -42001.257072719716, 8994640961.0, (4.435995842796871, 6.55992947525754, 8.274707954167727, 7.689382361122858), 360.5022859573364)
Day:2 
(2, 66, 100, -41944.00955881873, 8994617230.0, (4.435995842796871, 6.55992947525754, 8.274707954167727, 7.689382361122858), 339.2624878883362)
Day:2 
(2, 67, 100, -41932.77013859442, 8994642155.0, (4.435995842796871, 6.55992947525754, 8.274707954167727, 7.689382361122858), 341.5599060058594)
Day:2 
(2, 68, 100, -41790.48860575127, 8968328996.0, (4.435995842796871, 6.55992947525754, 8.274707954167727, 7.689382361122858), 379.69938611984253)
Day:2 
(2, 69, 100, -41754.54340045621, 8967232464.0, (4.435995842796871, 6.55992947525754, 8.274707954167727, 7.689382361122858), 362.1546070575714)
Day:2 
(2, 70, 100, -41711.14003660506, 8967227681.0, (4.435995842796871, 6.55992947525754, 8.274707954167727, 7.689382361122858), 360.5113899707794)
Day:2 
(2, 71, 100, -41637.83762278296, 8967233746.0, (4.435995842796871, 6.55992947525754, 8.274707954167727, 7.689382361122858), 346.21381402015686)
Day:2 
(2, 72, 100, -41625.037276941184, 8967228112.0, (4.435995842796871, 6.55992947525754, 8.274707954167727, 7.689382361122858), 339.5259020328522)
Day:2 
(2, 73, 100, -41598.49928488853, 8966178454.0, (4.435995842796871, 6.55992947525754, 8.274707954167727, 7.689382361122858), 420.81238985061646)
Day:2 
(2, 74, 100, -41569.71370510837, 8966187197.0, (4.435995842796871, 6.55992947525754, 8.274707954167727, 7.689382361122858), 439.65118503570557)
Day:2 
(2, 75, 100, -41470.883842776966, 8942878834.0, (4.435995842796871, 6.55992947525754, 8.274707954167727, 7.689382361122858), 382.5879490375519)
Day:2 
(2, 76, 100, -41447.43472107773, 8942920564.0, (4.435995842796871, 6.55992947525754, 8.274707954167727, 7.689382361122858), 424.66299295425415)
Day:2 
(2, 77, 100, -41424.41907799356, 8942409204.0, (4.435995842796871, 6.55992947525754, 8.274707954167727, 7.689382361122858), 417.897686958313)
Day:2 
(2, 78, 100, -41423.440944661, 8942406417.0, (4.435995842796871, 6.55992947525754, 8.274707954167727, 7.689382361122858), 432.783488035202)
Day:2 
(2, 79, 100, -41400.558013957925, 8942381561.0, (4.435995842796871, 6.55992947525754, 8.274707954167727, 7.689382361122858), 413.85209107398987)
Day:2 
(2, 80, 100, -41360.277783623926, 8942527756.0, (4.435995842796871, 6.55992947525754, 8.274707954167727, 7.689382361122858), 406.86478185653687)
Day:2 
(2, 81, 100, -41343.32787884277, 8942548031.0, (4.435995842796871, 6.55992947525754, 8.274707954167727, 7.689382361122858), 409.2548921108246)
Day:2 
(2, 82, 100, -41331.71300467586, 8942543069.0, (4.435995842796871, 6.55992947525754, 8.274707954167727, 7.689382361122858), 426.0282289981842)
Day:2 
(2, 83, 100, -41283.36841853946, 8935419689.0, (4.435995842796871, 6.55992947525754, 8.274707954167727, 7.689382361122858), 423.5731029510498)
Day:2 
(2, 84, 100, -41280.96185337227, 8935405988.0, (4.435995842796871, 6.55992947525754, 8.274707954167727, 7.689382361122858), 414.85464000701904)
Day:2 
(2, 85, 100, -41243.04530227127, 8935251530.0, (4.435995842796871, 6.55992947525754, 8.274707954167727, 7.689382361122858), 441.0594470500946)
Day:2 
(2, 86, 100, -41180.657424233505, 8931896300.0, (4.435995842796871, 6.55992947525754, 8.274707954167727, 7.689382361122858), 418.99494910240173)
Day:2 
(2, 87, 100, -41182.6754349712, 8931904053.0, (4.435995842796871, 6.55992947525754, 8.274707954167727, 7.689382361122858), 406.49362683296204)
Day:2 
(2, 88, 100, -41151.74305338678, 8931875271.0, (4.435995842796871, 6.55992947525754, 8.274707954167727, 7.689382361122858), 386.5937571525574)
Day:2 
(2, 89, 100, -41141.55218956042, 8927082279.0, (4.435995842796871, 6.55992947525754, 8.274707954167727, 7.689382361122858), 384.299115896225)
Day:2 
(2, 90, 100, -41124.45409179649, 8927076888.0, (4.435995842796871, 6.55992947525754, 8.274707954167727, 7.689382361122858), 353.52801990509033)
Day:2 
(2, 91, 100, -41126.331934348855, 8927081703.0, (4.435995842796871, 6.55992947525754, 8.274707954167727, 7.689382361122858), 378.3331060409546)
Day:2 
(2, 92, 100, -41113.384688189646, 8927084165.0, (4.435995842796871, 6.55992947525754, 8.274707954167727, 7.689382361122858), 381.7926290035248)
Day:2 
(2, 93, 100, -41099.79546740037, 8927084712.0, (4.435995842796871, 6.55992947525754, 8.274707954167727, 7.689382361122858), 382.88223004341125)
Day:2 
(2, 94, 100, -41092.05770385756, 8927082146.0, (4.435995842796871, 6.55992947525754, 8.274707954167727, 7.689382361122858), 381.33045411109924)
Day:2 
(2, 95, 100, -41052.43049073518, 8923446100.0, (4.435995842796871, 6.55992947525754, 8.274707954167727, 7.689382361122858), 399.9009339809418)
Day:2 
(2, 96, 100, -41009.972834488784, 8904405244.0, (4.435995842796871, 6.55992947525754, 8.274707954167727, 7.689382361122858), 402.36344599723816)
Day:2 
(2, 97, 100, -40995.20672764324, 8903025322.0, (4.435995842796871, 6.55992947525754, 8.274707954167727, 7.689382361122858), 380.592444896698)
Day:2 
(2, 98, 100, -40959.31982614319, 8888745646.0, (4.435995842796871, 6.55992947525754, 8.274707954167727, 7.689382361122858), 392.9966731071472)
Day:2 
(2, 99, 100, -40953.78955997864, 8888745801.0, (4.435995842796871, 6.55992947525754, 8.274707954167727, 7.689382361122858), 382.26252698898315)