
Day:1 
(1, 0, 100, -16136.327192978333, 1929305.0, (31.452950113037446, 12.72423508942597, 49.48497213731056, 4.04107851859079), 4.34850811958313)
Day:1 
(1, 1, 100, -82.01672799543564, 2990.0, (1.5857024026289288, 3.9378731403551224, 49.48497213731056, 4.04107851859079), 8.060652017593384)
Day:1 
(1, 2, 100, -25.189138588142825, 225.0, (0.2275012954818573, 3.9378731403551224, 2.8699686942958156, 16.283138706475096), 7.56803297996521)
Day:1 
(1, 3, 100, -25.804956740524673, 361.0, (1.3218561365590757, 1.9249348309378407, 2.8699686942958156, 16.283138706475096), 7.6329429149627686)
Day:1 
(1, 4, 100, -25.069543775008718, 225.0, (1.3218561365590757, 0.9390591261106712, 7.550313724365567, 6.356234584926829), 7.944481134414673)
Day:1 
(1, 5, 100, -27.270583903876023, 100.0, (2.6589687247848235, 2.905915460441038, 10.358166527050987, 17.00438655292481), 8.04556679725647)
Day:1 
(1, 6, 100, -25.217458151369293, 196.0, (2.6589687247848235, 3.71397205021423, 0.14567696278755876, 21.380743161004204), 8.07753300666809)
Day:1 
(1, 7, 100, -28.465536466349366, 49.0, (5.958355051589329, 0.27510995263251375, 32.09983338394806, 21.380743161004204), 7.3745551109313965)
Day:1 
(1, 8, 100, -26.64847488331108, 529.0, (0.4446207351948883, 0.27510995263251375, 21.778807221281276, 21.380743161004204), 7.991652965545654)
Day:1 
(1, 9, 100, -26.53169179014735, 144.0, (0.0008141613064157673, 18.877006101134146, 21.778807221281276, 26.64384582279977), 7.905940055847168)
Day:1 
(1, 10, 100, -32.60309356383189, 1764.0, (21.875100758941628, 18.877006101134146, 3.6777635337701735, 26.64384582279977), 7.933382034301758)
Day:1 
(1, 11, 100, -26.160902850722387, 100.0, (1.7057455727185404, 2.4818725750974173, 1.0171216889836496, 29.309402636494063), 7.695899963378906)
Day:1 
(1, 12, 100, -27.00893341511899, 169.0, (4.317153258539351, 28.30845306666512, 0.010816085612422501, 29.309402636494063), 7.811133861541748)
Day:1 
(1, 13, 100, -35.821232021776034, 441.0, (21.169907581560146, 40.41921645833984, 33.821214332859746, 35.13272066346809), 7.647515058517456)
Day:1 
(1, 14, 100, -31.343913356715248, 81.0, (20.484833834652985, 0.6953616502927452, 43.304067510845584, 25.578372068760878), 7.904016971588135)
Day:1 
(1, 15, 100, -24.866949103481993, 676.0, (0.14596588915627356, 0.35869983650168946, 0.4773203784447847, 43.90418905373435), 7.595750093460083)
Day:1 
(1, 16, 100, -23.439604719307432, 121.0, (3.074350489890855, 0.04413503979907023, 0.4773203784447847, 21.264103062001617), 8.109058856964111)
Day:1 
(1, 17, 100, -30.460750817210982, 289.0, (11.609408334975138, 25.370249391210578, 3.742209937527722, 21.264103062001617), 7.736594200134277)
Day:1 
(1, 18, 100, -23.89896142392908, 729.0, (0.18206112343723674, 1.190881982825797, 2.8082229418717386, 6.636403604381429), 7.857326984405518)
Day:1 
(1, 19, 100, -23.68524880089256, 49.0, (1.8786086260143524, 0.034409735522411646, 6.620346680550532, 10.656200295519607), 7.852299928665161)
Day:1 
(1, 20, 100, -31.46848537777945, 576.0, (13.297125484538892, 3.7361807879410622, 3.64365883167324, 10.656200295519607), 8.113472938537598)
Day:1 
(1, 21, 100, -27.32781557057011, 324.0, (0.6153864251335733, 0.762067412273216, 6.2927670264690025, 45.26145697738962), 7.4965620040893555)
Day:1 
(1, 22, 100, -30.81351314984572, 81.0, (9.912925649437796, 17.61335362652856, 2.951697140132479, 45.26145697738962), 7.6197710037231445)
Day:1 
(1, 23, 100, -30.77620543607602, 400.0, (2.9805784412984457, 1.824327903316488, 30.173037667865835, 45.26145697738962), 7.742792129516602)
Day:1 
(1, 24, 100, -27.90325059769631, 484.0, (0.338824456590694, 7.922249832905029, 24.463123590799995, 11.380604436409607), 7.622584819793701)
Day:1 
(1, 25, 100, -27.033043289297055, 81.0, (4.209901644511939, 8.513424799515638, 3.504673981848276, 11.380604436409607), 8.232606172561646)
Day:1 
(1, 26, 100, -26.161755014478306, 2401.0, (0.660406219845923, 1.0331419713669356, 0.07589614859979389, 31.6793032318708), 8.023062944412231)
Day:1 
(1, 27, 100, -24.505573975066437, 361.0, (0.07195615560763492, 1.26648081664228, 5.869126820477902, 16.022859490800734), 7.791985988616943)
Day:1 
(1, 28, 100, -26.75223334973306, 1296.0, (9.604620060294243, 0.5555721227794141, 0.8463036011352086, 16.022859490800734), 7.782849073410034)
Day:1 
(1, 29, 100, -28.062623170969843, 64.0, (9.604620060294243, 4.37128193173024, 6.951328703202251, 16.022859490800734), 7.911587953567505)
Day:1 
(1, 30, 100, -34.69743592387762, 225.0, (0.8251724791180949, 32.67388091235897, 15.838527398694476, 95.68037658555737), 7.782893896102905)
Day:1 
(1, 31, 100, -37.42174639926165, 576.0, (30.995770299331756, 35.26093225839547, 4.831705715257103, 95.68037658555737), 7.667351007461548)
Day:1 
(1, 32, 100, -31.944050075420403, 289.0, (2.7233611621236458, 19.102114802880774, 44.67093582923956, 20.616558869519572), 7.810127019882202)
Day:1 
(1, 33, 100, -30.85647267762927, 16.0, (10.404699136632065, 28.300068089486842, 7.900020195249466, 20.616558869519572), 8.039981126785278)
Day:1 
(1, 34, 100, -31.315611394063044, 1681.0, (6.959307421661047, 18.27110093458608, 7.900020195249466, 20.616558869519572), 8.39865493774414)
Day:1 
(1, 35, 100, -35.56366687335762, 1369.0, (19.20185688265695, 4.489842986197251, 51.058455338525405, 48.79274609806632), 7.572344064712524)
Day:1 
(1, 36, 100, -27.850906998725556, 49.0, (9.793080424366574, 1.4507574191942452, 6.001552684000985, 24.13651706367227), 7.568933010101318)
Day:1 
(1, 37, 100, -26.401357379615813, 400.0, (0.27591781001554905, 3.0182149793911357, 4.467328084338504, 27.330259734991635), 7.681279897689819)
Day:1 
(1, 38, 100, -27.547254768039167, 196.0, (0.4594070864150757, 14.502580100895813, 3.0228380595772695, 27.330259734991635), 8.150967121124268)
Day:1 
(1, 39, 100, -29.723239761632296, 1024.0, (20.023193110122477, 5.576992070285743, 1.1997075570912081, 27.330259734991635), 7.434614896774292)
Day:1 
(1, 40, 100, -31.228029037109568, 1.0, (5.661175562849356, 27.93080380030345, 1.7960087825167692, 54.29470399672499), 7.792803049087524)
Day:1 
(1, 41, 100, -32.46274868415648, 25.0, (5.661175562849356, 27.93080380030345, 9.448560858524337, 54.29470399672499), 8.53250789642334)
Day:1 
(1, 42, 100, -31.036684530273764, 100.0, (6.294735853356803, 8.42154004120474, 9.26549698215045, 54.29470399672499), 7.9557249546051025)
Day:1 
(1, 43, 100, -27.36973723733166, 361.0, (0.2221640143812656, 2.394454104099126, 23.49740665095584, 20.100553304309344), 7.7354161739349365)
Day:1 
(1, 44, 100, -26.462495472698986, 25.0, (4.880264749372433, 1.285912817501563, 5.990173153673513, 14.91726078262356), 8.109081983566284)
Day:1 
(1, 45, 100, -26.854264713663753, 841.0, (1.579143689287583, 2.0632659549717167, 5.990173153673513, 14.91726078262356), 7.967932939529419)
Day:1 
(1, 46, 100, -26.676219491332034, 441.0, (2.4992062100957555, 1.7523966799011572, 8.507352924215912, 12.430113146747782), 7.978048086166382)
Day:1 
(1, 47, 100, -26.184674010236634, 625.0, (5.768932357836108, 0.003648241028558624, 7.145724468894894, 41.846462654415134), 7.9793689250946045)
Day:1 
(1, 48, 100, -28.422011938280882, 121.0, (4.404280530934599, 1.6137445715467655, 5.623342401204536, 41.846462654415134), 7.987608909606934)
Day:1 
(1, 49, 100, -30.81153379172112, 169.0, (21.624946282918, 3.3807704654287853, 7.417325345155083, 41.846462654415134), 8.104374170303345)
Day:1 
(1, 50, 100, -31.697083536933313, 1600.0, (6.546317329180399, 0.27108423456326375, 36.74360525876908, 41.846462654415134), 8.110889911651611)
Day:1 
(1, 51, 100, -32.384142278995895, 225.0, (14.176455892661721, 22.635144997555365, 9.428282298586431, 41.03189877368911), 7.885462999343872)
Day:1 
(1, 52, 100, -27.312380823081227, 361.0, (14.855666801676726, 3.1976361156938253, 0.7237003659537552, 12.620480414124728), 7.8735480308532715)
Day:1 
(1, 53, 100, -24.959041166784726, 196.0, (0.010271955197310507, 22.224104129518743, 0.7237003659537552, 21.176208341315636), 8.12305998802185)
Day:1 
(1, 54, 100, -23.401873038928223, 484.0, (0.005797200152637567, 9.259871609755605, 1.469521905112861, 10.826593247087915), 8.021359920501709)
Day:1 
(1, 55, 100, -23.93453435406802, 256.0, (1.0684337661173173, 0.11585251796199102, 4.642513437724629, 10.826593247087915), 7.899309158325195)
Day:1 
(1, 56, 100, -23.992086160274333, 576.0, (0.6526243446945164, 0.5808201333488299, 0.9345732823581299, 5.217965747588701), 8.169869899749756)
Day:1 
(1, 57, 100, -23.390565506109144, 4.0, (0.6526243446945164, 0.5808201333488299, 0.8125978796208958, 5.217965747588701), 8.4218430519104)
Day:1 
(1, 58, 100, -21.953615333884372, 64.0, (0.6526243446945164, 0.5808201333488299, 0.0720839510325144, 10.475655124942174), 7.950681924819946)
Day:1 
(1, 59, 100, -21.683766059289276, 1156.0, (0.006689966970332152, 3.884444560456778, 0.0720839510325144, 8.40226657796071), 7.943047046661377)
Day:1 
(1, 60, 100, -26.17567416100309, 625.0, (0.006689966970332152, 0.08893709145572326, 4.691500460127115, 82.1113749544906), 8.077667951583862)
Day:1 
(1, 61, 100, -27.905768594589112, 400.0, (6.709925060866137, 0.0110523828925026, 1.436688503384563, 82.1113749544906), 7.824149131774902)
Day:1 
(1, 62, 100, -23.76487810443646, 121.0, (5.879909491294296, 0.01606692020854554, 0.21197566862136316, 32.50474602436114), 8.184813976287842)
Day:1 
(1, 63, 100, -30.493841997612503, 36.0, (24.941746038139662, 0.14644548214471634, 31.063066564562128, 32.50474602436114), 8.201153993606567)
Day:1 
(1, 64, 100, -32.67364871605959, 16.0, (23.113802324957447, 28.6793302751607, 8.824628817023314, 32.50474602436114), 8.20646595954895)
Day:1 
(1, 65, 100, -31.65517925776777, 64.0, (4.0248123411943535, 17.00682325757219, 22.07858838734904, 40.07821333917394), 7.960329055786133)
Day:1 
(1, 66, 100, -27.96030778830751, 400.0, (0.6913774452237385, 4.948316808259572, 11.14057752689478, 26.930278104749185), 8.153328895568848)
Day:1 
(1, 67, 100, -30.08066569787139, 64.0, (10.955206036264572, 4.305729834554461, 14.117738461206951, 32.584523407963665), 8.154258012771606)
Day:1 
(1, 68, 100, -31.009211453265795, 529.0, (10.955206036264572, 22.870731238467364, 3.248773584878659, 32.584523407963665), 8.215869903564453)
Day:1 
(1, 69, 100, -31.171548561591244, 676.0, (8.764150026743822, 6.987678850539023, 17.876536152641687, 32.584523407963665), 7.929952144622803)
Day:1 
(1, 70, 100, -27.740176142116976, 81.0, (9.00538687508838, 4.8270279679914605, 6.477703867364029, 12.68401651811614), 8.090620040893555)
Day:1 
(1, 71, 100, -25.069652959107593, 16.0, (9.00538687508838, 0.08976336257865292, 3.7051183290546446, 13.100745696148646), 8.161664962768555)
Day:1 
(1, 72, 100, -22.64112643194266, 16.0, (7.773503490160289, 0.08976336257865292, 0.002566727840803107, 34.11428116899669), 7.803215980529785)
Day:1 
(1, 73, 100, -23.36728249603312, 1764.0, (1.1326238572806044, 3.1394258924610114, 0.002566727840803107, 12.332071323759871), 8.052525997161865)
Day:1 
(1, 74, 100, -31.494218052037944, 121.0, (14.083118010383135, 3.1394258924610114, 43.59858951802481, 21.680380460267624), 8.221029043197632)
Day:1 
(1, 75, 100, -26.022872116940913, 121.0, (12.650241582558285, 3.1394258924610114, 0.2246859665308849, 14.83744922084874), 8.200724840164185)
Day:1 
(1, 76, 100, -27.7035767823597, 144.0, (9.42972481441855, 2.699150453137673, 6.9399756036555775, 14.83744922084874), 8.100809097290039)
Day:1 
(1, 77, 100, -25.93067014039555, 16.0, (9.42972481441855, 0.3338949630981816, 1.4922049594578533, 22.123970694889124), 8.0938138961792)
Day:1 
(1, 78, 100, -24.9257752466954, 2025.0, (0.010802383124613742, 0.3338949630981816, 5.926192013710088, 22.123970694889124), 8.321177005767822)
Day:1 
(1, 79, 100, -30.170428102713636, 196.0, (26.12096157013137, 12.93644996042725, 1.469530909636032, 22.123970694889124), 8.346755981445312)
Day:1 
(1, 80, 100, -31.565282013017896, 100.0, (1.572566889995759, 22.15844205276552, 20.342582429277908, 43.535039532153085), 7.992184162139893)
Day:1 
(1, 81, 100, -25.429107650034886, 676.0, (1.572566889995759, 0.010217385046388874, 6.174503319338781, 35.76406090531566), 8.127539873123169)
Day:1 
(1, 82, 100, -27.986391517469883, 441.0, (2.614287223676239, 1.3123851877046115, 6.174503319338781, 35.76406090531566), 8.157685041427612)
Day:1 
(1, 83, 100, -21.1404158623066, 64.0, (0.28535850866386603, 0.05753602733117667, 0.008554765934792588, 35.76406090531566), 8.603940963745117)
Day:1 
(1, 84, 100, -24.014339595388527, 49.0, (0.017079632756629562, 9.50713676907334, 1.4831873646083202, 16.277002020405824), 8.539075136184692)
Day:1 
(1, 85, 100, -25.44412399851324, 81.0, (0.017079632756629562, 8.325746738583282, 3.99066435328911, 28.546980144656143), 8.665357828140259)
Day:1 
(1, 86, 100, -28.645281239217347, 1.0, (7.281044992089735, 2.5579283946315656, 10.145147588703304, 28.546980144656143), 8.543789148330688)
Day:1 
(1, 87, 100, -26.266767784815055, 256.0, (7.281044992089735, 1.5419635990482468, 1.1867063736322274, 17.21542425283405), 8.825901985168457)
Day:1 
(1, 88, 100, -27.954326386013808, 121.0, (1.356284736771839, 0.4918502151206071, 17.939363041849536, 37.501763944056535), 8.71292495727539)
Day:1 
(1, 89, 100, -24.991105638943075, 25.0, (0.976409253217525, 0.4918502151206071, 0.47631398502530453, 37.501763944056535), 8.350959062576294)
Day:1 
(1, 90, 100, -30.06194174824413, 16.0, (1.0215999838406675, 22.22591928076635, 28.876863185256187, 17.132670178332088), 8.622488021850586)
Day:1 
(1, 91, 100, -28.02897129297304, 484.0, (1.0215999838406675, 3.6007778983623937, 28.876863185256187, 6.231871253083098), 8.878208875656128)
Day:1 
(1, 92, 100, -26.57629893568496, 9.0, (1.0215999838406675, 3.6007778983623937, 12.35315841963788, 12.524841071839758), 9.141571044921875)
Day:1 
(1, 93, 100, -21.033988055230065, 1225.0, (4.4044204085765696e-05, 0.1279325969502855, 12.758252257755101, 13.466074590928708), 8.205611944198608)
Day:1 
(1, 94, 100, -30.101830293298434, 64.0, (0.47863650280910947, 3.630361808980659, 12.758252257755101, 71.8122659501064), 8.459432125091553)
Day:1 
(1, 95, 100, -25.888838776834742, 16.0, (3.1129411454964924, 7.9404919353969, 0.19555142898244723, 21.360964716773843), 8.359360933303833)
Day:1 
(1, 96, 100, -24.738007830799056, 144.0, (1.091642910525243, 7.058058494817136, 0.19555142898244723, 14.276747302937384), 8.473635911941528)
Day:1 
(1, 97, 100, -29.136691790415515, 289.0, (9.625402197949379, 4.095923708868438, 18.32417514205433, 14.276747302937384), 8.49111008644104)
Day:1 
(1, 98, 100, -25.31025751468411, 729.0, (0.8237656777047591, 2.4759675210494954, 1.0244766980331976, 14.370933336829586), 8.340688943862915)
Day:1 
(1, 99, 100, -30.80778432246076, 961.0, (17.099076658803476, 0.19533553105043583, 48.56061933501898, 14.370933336829586), 8.212303161621094)
Day:1 
(1, 100, 100, -27.732631980601152, 529.0, (0.02819811657803637, 25.01627248600037, 8.978680124112168, 14.370933336829586), 8.590551853179932)
Day:2 
(2, 0, 100, -2068.710184285429, 134539.0, (0.02819811657803637, 25.01627248600037, 8.978680124112168, 14.370933336829586), 11.188729047775269)
Day:2 
(2, 1, 100, -1559.7162216354532, 109618.0, (0.02819811657803637, 25.01627248600037, 8.978680124112168, 14.370933336829586), 98.12106800079346)
Day:2 
(2, 2, 100, -1411.4299508678148, 107315.0, (0.02819811657803637, 25.01627248600037, 8.978680124112168, 14.370933336829586), 79.44326901435852)
Day:2 
(2, 3, 100, -1375.5493730855367, 107337.0, (0.02819811657803637, 25.01627248600037, 8.978680124112168, 14.370933336829586), 102.54173803329468)
Day:2 
(2, 4, 100, -1371.0700802938693, 107174.0, (0.02819811657803637, 25.01627248600037, 8.978680124112168, 14.370933336829586), 90.49660205841064)
Day:2 
(2, 5, 100, -1373.2893710153364, 107086.0, (0.02819811657803637, 25.01627248600037, 8.978680124112168, 14.370933336829586), 92.62913584709167)
Day:2 
(2, 6, 100, -1370.753707234545, 107006.0, (0.02819811657803637, 25.01627248600037, 8.978680124112168, 14.370933336829586), 73.71532797813416)
Day:2 
(2, 7, 100, -1372.070552521881, 108051.0, (0.02819811657803637, 25.01627248600037, 8.978680124112168, 14.370933336829586), 68.59226608276367)
Day:2 
(2, 8, 100, -1371.324564660183, 107594.0, (0.02819811657803637, 25.01627248600037, 8.978680124112168, 14.370933336829586), 93.00290703773499)
Day:2 
(2, 9, 100, -1347.7638695867627, 107171.0, (0.02819811657803637, 25.01627248600037, 8.978680124112168, 14.370933336829586), 95.44271993637085)
Day:2 
(2, 10, 100, -1351.834146931286, 107040.0, (0.02819811657803637, 25.01627248600037, 8.978680124112168, 14.370933336829586), 98.90042400360107)
Day:2 
(2, 11, 100, -1323.4020944322147, 107504.0, (0.02819811657803637, 25.01627248600037, 8.978680124112168, 14.370933336829586), 61.17966890335083)
Day:2 
(2, 12, 100, -1317.8983489047025, 106842.0, (0.02819811657803637, 25.01627248600037, 8.978680124112168, 14.370933336829586), 80.8347520828247)
Day:2 
(2, 13, 100, -1318.4404978674645, 106904.0, (0.02819811657803637, 25.01627248600037, 8.978680124112168, 14.370933336829586), 81.83567690849304)
Day:2 
(2, 14, 100, -1317.2477658725109, 106496.0, (0.02819811657803637, 25.01627248600037, 8.978680124112168, 14.370933336829586), 111.2158432006836)
Day:2 
(2, 15, 100, -1314.9658345168973, 105001.0, (0.02819811657803637, 25.01627248600037, 8.978680124112168, 14.370933336829586), 57.737464904785156)
Day:2 
(2, 16, 100, -1313.4481238958897, 104930.0, (0.02819811657803637, 25.01627248600037, 8.978680124112168, 14.370933336829586), 90.88148307800293)
Day:2 
(2, 17, 100, -1313.4403677793152, 105180.0, (0.02819811657803637, 25.01627248600037, 8.978680124112168, 14.370933336829586), 79.83633685112)
Day:2 
(2, 18, 100, -1314.164960518452, 105455.0, (0.02819811657803637, 25.01627248600037, 8.978680124112168, 14.370933336829586), 57.74342203140259)
Day:2 
(2, 19, 100, -1313.0301276883117, 105273.0, (0.02819811657803637, 25.01627248600037, 8.978680124112168, 14.370933336829586), 72.1128101348877)
Day:2 
(2, 20, 100, -1312.417070441784, 104277.0, (0.02819811657803637, 25.01627248600037, 8.978680124112168, 14.370933336829586), 81.3117527961731)
Day:2 
(2, 21, 100, -1314.984159120285, 104747.0, (0.02819811657803637, 25.01627248600037, 8.978680124112168, 14.370933336829586), 98.43137907981873)
Day:2 
(2, 22, 100, -1311.0631706948257, 104700.0, (0.02819811657803637, 25.01627248600037, 8.978680124112168, 14.370933336829586), 87.93434309959412)
Day:2 
(2, 23, 100, -1318.9319555819568, 105276.0, (0.02819811657803637, 25.01627248600037, 8.978680124112168, 14.370933336829586), 88.53071689605713)
Day:2 
(2, 24, 100, -1309.1374236944837, 104467.0, (0.02819811657803637, 25.01627248600037, 8.978680124112168, 14.370933336829586), 66.06528902053833)
Day:2 
(2, 25, 100, -1312.2020739679385, 104671.0, (0.02819811657803637, 25.01627248600037, 8.978680124112168, 14.370933336829586), 76.45897698402405)
Day:2 
(2, 26, 100, -1309.8251847018187, 105030.0, (0.02819811657803637, 25.01627248600037, 8.978680124112168, 14.370933336829586), 85.2731659412384)
Day:2 
(2, 27, 100, -1303.2814046369629, 102302.0, (0.02819811657803637, 25.01627248600037, 8.978680124112168, 14.370933336829586), 67.52185201644897)
Day:2 
(2, 28, 100, -1307.4897450431847, 101957.0, (0.02819811657803637, 25.01627248600037, 8.978680124112168, 14.370933336829586), 84.50774002075195)
Day:2 
(2, 29, 100, -1303.8819205409566, 101393.0, (0.02819811657803637, 25.01627248600037, 8.978680124112168, 14.370933336829586), 81.17436504364014)
Day:2 
(2, 30, 100, -1301.389843089202, 101018.0, (0.02819811657803637, 25.01627248600037, 8.978680124112168, 14.370933336829586), 73.47928404808044)
Day:2 
(2, 31, 100, -1301.7962205352776, 100722.0, (0.02819811657803637, 25.01627248600037, 8.978680124112168, 14.370933336829586), 77.86667203903198)
Day:2 
(2, 32, 100, -1301.2703771072077, 100340.0, (0.02819811657803637, 25.01627248600037, 8.978680124112168, 14.370933336829586), 85.58590984344482)
Day:2 
(2, 33, 100, -1299.86257748422, 100318.0, (0.02819811657803637, 25.01627248600037, 8.978680124112168, 14.370933336829586), 72.3630530834198)
Day:2 
(2, 34, 100, -1298.1217142477046, 99741.0, (0.02819811657803637, 25.01627248600037, 8.978680124112168, 14.370933336829586), 83.03143787384033)
Day:2 
(2, 35, 100, -1297.1259906105636, 99764.0, (0.02819811657803637, 25.01627248600037, 8.978680124112168, 14.370933336829586), 77.67981314659119)
Day:2 
(2, 36, 100, -1299.622426996197, 99771.0, (0.02819811657803637, 25.01627248600037, 8.978680124112168, 14.370933336829586), 55.69383001327515)
Day:2 
(2, 37, 100, -1300.4343575797423, 99849.0, (0.02819811657803637, 25.01627248600037, 8.978680124112168, 14.370933336829586), 77.37931704521179)
Day:2 
(2, 38, 100, -1298.3782379120673, 100392.0, (0.02819811657803637, 25.01627248600037, 8.978680124112168, 14.370933336829586), 72.23343992233276)
Day:2 
(2, 39, 100, -1300.1945923496721, 99668.0, (0.02819811657803637, 25.01627248600037, 8.978680124112168, 14.370933336829586), 78.01391196250916)
Day:2 
(2, 40, 100, -1303.6990112757123, 99410.0, (0.02819811657803637, 25.01627248600037, 8.978680124112168, 14.370933336829586), 80.35964894294739)
Day:2 
(2, 41, 100, -1298.4134661063692, 99751.0, (0.02819811657803637, 25.01627248600037, 8.978680124112168, 14.370933336829586), 102.6192831993103)
Day:2 
(2, 42, 100, -1298.1383979199038, 99396.0, (0.02819811657803637, 25.01627248600037, 8.978680124112168, 14.370933336829586), 69.83495879173279)
Day:2 
(2, 43, 100, -1297.9977079682656, 99676.0, (0.02819811657803637, 25.01627248600037, 8.978680124112168, 14.370933336829586), 72.38298511505127)
Day:2 
(2, 44, 100, -1298.7352984620159, 99734.0, (0.02819811657803637, 25.01627248600037, 8.978680124112168, 14.370933336829586), 92.24763202667236)
Day:2 
(2, 45, 100, -1297.7853644686945, 99451.0, (0.02819811657803637, 25.01627248600037, 8.978680124112168, 14.370933336829586), 88.66055297851562)
Day:2 
(2, 46, 100, -1300.2554643558885, 99871.0, (0.02819811657803637, 25.01627248600037, 8.978680124112168, 14.370933336829586), 79.6805489063263)
Day:2 
(2, 47, 100, -1297.8412229001904, 99466.0, (0.02819811657803637, 25.01627248600037, 8.978680124112168, 14.370933336829586), 73.98507404327393)
Day:2 
(2, 48, 100, -1301.1282893817427, 99837.0, (0.02819811657803637, 25.01627248600037, 8.978680124112168, 14.370933336829586), 65.70671105384827)
Day:2 
(2, 49, 100, -1298.4378313979403, 99428.0, (0.02819811657803637, 25.01627248600037, 8.978680124112168, 14.370933336829586), 59.402384996414185)
Day:2 
(2, 50, 100, -1300.026637400689, 99560.0, (0.02819811657803637, 25.01627248600037, 8.978680124112168, 14.370933336829586), 87.45051097869873)
Day:2 
(2, 51, 100, -1298.6821767025779, 99476.0, (0.02819811657803637, 25.01627248600037, 8.978680124112168, 14.370933336829586), 99.40676593780518)
Day:2 
(2, 52, 100, -1298.8981279256734, 99775.0, (0.02819811657803637, 25.01627248600037, 8.978680124112168, 14.370933336829586), 93.38679504394531)
Day:2 
(2, 53, 100, -1299.6926622900462, 99581.0, (0.02819811657803637, 25.01627248600037, 8.978680124112168, 14.370933336829586), 75.69335508346558)
Day:2 
(2, 54, 100, -1303.0351350649346, 99779.0, (0.02819811657803637, 25.01627248600037, 8.978680124112168, 14.370933336829586), 82.80455303192139)
Day:2 
(2, 55, 100, -1300.4777824425316, 99549.0, (0.02819811657803637, 25.01627248600037, 8.978680124112168, 14.370933336829586), 91.56670784950256)
Day:2 
(2, 56, 100, -1299.9157264534304, 100003.0, (0.02819811657803637, 25.01627248600037, 8.978680124112168, 14.370933336829586), 85.94206404685974)
Day:2 
(2, 57, 100, -1303.3222399691233, 99909.0, (0.02819811657803637, 25.01627248600037, 8.978680124112168, 14.370933336829586), 78.37035393714905)
Day:2 
(2, 58, 100, -1299.7233453474616, 99886.0, (0.02819811657803637, 25.01627248600037, 8.978680124112168, 14.370933336829586), 76.69136214256287)
Day:2 
(2, 59, 100, -1297.6827101124934, 99629.0, (0.02819811657803637, 25.01627248600037, 8.978680124112168, 14.370933336829586), 94.90204286575317)
Day:2 
(2, 60, 100, -1301.2722401194435, 99748.0, (0.02819811657803637, 25.01627248600037, 8.978680124112168, 14.370933336829586), 100.30366516113281)
Day:2 
(2, 61, 100, -1299.3977555830327, 99924.0, (0.02819811657803637, 25.01627248600037, 8.978680124112168, 14.370933336829586), 117.19486784934998)
Day:2 
(2, 62, 100, -1298.6149709320791, 100396.0, (0.02819811657803637, 25.01627248600037, 8.978680124112168, 14.370933336829586), 68.5619010925293)
Day:2 
(2, 63, 100, -1297.0938429752407, 99983.0, (0.02819811657803637, 25.01627248600037, 8.978680124112168, 14.370933336829586), 86.4510669708252)
Day:2 
(2, 64, 100, -1298.8021094340536, 99812.0, (0.02819811657803637, 25.01627248600037, 8.978680124112168, 14.370933336829586), 64.92946887016296)
Day:2 
(2, 65, 100, -1297.877879784209, 99628.0, (0.02819811657803637, 25.01627248600037, 8.978680124112168, 14.370933336829586), 109.11688613891602)
Day:2 
(2, 66, 100, -1301.096682481607, 100172.0, (0.02819811657803637, 25.01627248600037, 8.978680124112168, 14.370933336829586), 77.75331687927246)
Day:2 
(2, 67, 100, -1297.5412135457834, 99603.0, (0.02819811657803637, 25.01627248600037, 8.978680124112168, 14.370933336829586), 78.34039807319641)
Day:2 
(2, 68, 100, -1300.408582903675, 99537.0, (0.02819811657803637, 25.01627248600037, 8.978680124112168, 14.370933336829586), 76.33864903450012)
Day:2 
(2, 69, 100, -1297.567361069692, 99700.0, (0.02819811657803637, 25.01627248600037, 8.978680124112168, 14.370933336829586), 102.81480503082275)
Day:2 
(2, 70, 100, -1298.714835081589, 99845.0, (0.02819811657803637, 25.01627248600037, 8.978680124112168, 14.370933336829586), 90.55653595924377)
Day:2 
(2, 71, 100, -1303.3467053157626, 100575.0, (0.02819811657803637, 25.01627248600037, 8.978680124112168, 14.370933336829586), 67.2326889038086)
Day:2 
(2, 72, 100, -1298.9826796964787, 99831.0, (0.02819811657803637, 25.01627248600037, 8.978680124112168, 14.370933336829586), 63.36289715766907)
Day:2 
(2, 73, 100, -1298.83331302509, 100083.0, (0.02819811657803637, 25.01627248600037, 8.978680124112168, 14.370933336829586), 79.75666284561157)
Day:2 
(2, 74, 100, -1298.49994145898, 99814.0, (0.02819811657803637, 25.01627248600037, 8.978680124112168, 14.370933336829586), 67.00920414924622)
Day:2 
(2, 75, 100, -1301.6395020712341, 101164.0, (0.02819811657803637, 25.01627248600037, 8.978680124112168, 14.370933336829586), 79.24703693389893)
Day:2 
(2, 76, 100, -1303.4913433783988, 101073.0, (0.02819811657803637, 25.01627248600037, 8.978680124112168, 14.370933336829586), 91.56916093826294)
Day:2 
(2, 77, 100, -1301.2117769000768, 99459.0, (0.02819811657803637, 25.01627248600037, 8.978680124112168, 14.370933336829586), 106.84950113296509)
Day:2 
(2, 78, 100, -1299.6973290875474, 99551.0, (0.02819811657803637, 25.01627248600037, 8.978680124112168, 14.370933336829586), 68.9595308303833)
Day:2 
(2, 79, 100, -1303.01711706439, 99649.0, (0.02819811657803637, 25.01627248600037, 8.978680124112168, 14.370933336829586), 60.99113202095032)
Day:2 
(2, 80, 100, -1300.7602995957448, 100313.0, (0.02819811657803637, 25.01627248600037, 8.978680124112168, 14.370933336829586), 74.52152299880981)
Day:2 
(2, 81, 100, -1298.689847064143, 100429.0, (0.02819811657803637, 25.01627248600037, 8.978680124112168, 14.370933336829586), 71.13812899589539)
Day:2 
(2, 82, 100, -1297.1925891256963, 99914.0, (0.02819811657803637, 25.01627248600037, 8.978680124112168, 14.370933336829586), 83.17367911338806)
Day:2 
(2, 83, 100, -1298.8745377963198, 100083.0, (0.02819811657803637, 25.01627248600037, 8.978680124112168, 14.370933336829586), 90.51709294319153)
Day:2 
(2, 84, 100, -1298.480398392466, 100376.0, (0.02819811657803637, 25.01627248600037, 8.978680124112168, 14.370933336829586), 101.99490094184875)
Day:2 
(2, 85, 100, -1298.8205742512084, 100266.0, (0.02819811657803637, 25.01627248600037, 8.978680124112168, 14.370933336829586), 87.15364599227905)
Day:2 
(2, 86, 100, -1297.779139703637, 100236.0, (0.02819811657803637, 25.01627248600037, 8.978680124112168, 14.370933336829586), 113.07357621192932)
Day:2 
(2, 87, 100, -1299.0339646967452, 99694.0, (0.02819811657803637, 25.01627248600037, 8.978680124112168, 14.370933336829586), 102.88440084457397)
Day:2 
(2, 88, 100, -1299.4754064299248, 99922.0, (0.02819811657803637, 25.01627248600037, 8.978680124112168, 14.370933336829586), 82.50003504753113)
Day:2 
(2, 89, 100, -1300.138107398592, 100159.0, (0.02819811657803637, 25.01627248600037, 8.978680124112168, 14.370933336829586), 85.04489088058472)
Day:2 
(2, 90, 100, -1301.5769798584145, 99819.0, (0.02819811657803637, 25.01627248600037, 8.978680124112168, 14.370933336829586), 86.4538300037384)
Day:2 
(2, 91, 100, -1297.1844127886, 99944.0, (0.02819811657803637, 25.01627248600037, 8.978680124112168, 14.370933336829586), 98.77584409713745)
Day:2 
(2, 92, 100, -1298.2123160205786, 99796.0, (0.02819811657803637, 25.01627248600037, 8.978680124112168, 14.370933336829586), 53.87371110916138)
Day:2 
(2, 93, 100, -1299.1959423438982, 99609.0, (0.02819811657803637, 25.01627248600037, 8.978680124112168, 14.370933336829586), 94.67961001396179)
Day:2 
(2, 94, 100, -1298.3202907094785, 99708.0, (0.02819811657803637, 25.01627248600037, 8.978680124112168, 14.370933336829586), 99.49418377876282)
Day:2 
(2, 95, 100, -1304.978644389267, 100037.0, (0.02819811657803637, 25.01627248600037, 8.978680124112168, 14.370933336829586), 61.01482319831848)
Day:2 
(2, 96, 100, -1300.406137456511, 99728.0, (0.02819811657803637, 25.01627248600037, 8.978680124112168, 14.370933336829586), 80.0383288860321)
Day:2 
(2, 97, 100, -1300.1614048943918, 99732.0, (0.02819811657803637, 25.01627248600037, 8.978680124112168, 14.370933336829586), 84.73516511917114)
Day:2 
(2, 98, 100, -1296.4420819547752, 97970.0, (0.02819811657803637, 25.01627248600037, 8.978680124112168, 14.370933336829586), 63.032641887664795)
Day:2 
(2, 99, 100, -1296.154947208386, 97728.0, (0.02819811657803637, 25.01627248600037, 8.978680124112168, 14.370933336829586), 88.78499913215637)
Day:2 
(2, 100, 100, -1294.0892506399744, 97628.0, (0.02819811657803637, 25.01627248600037, 8.978680124112168, 14.370933336829586), 58.2931489944458)