
Day:1 
(1, 0, 100, -27.18975174138189, 25.0, (2.132971584200993, 1.75548631894617, 27.09879364370002, 7.182594928057638), 4.19755482673645)
Day:1 
(1, 1, 100, -32.70890497933641, 576.0, (21.166617077828214, 11.792161497902294, 23.46241261385034, 27.51811259412791), 7.514258146286011)
Day:1 
(1, 2, 100, -29.701200016630853, 1369.0, (21.166617077828214, 4.138823777944127, 0.7851956935821118, 27.51811259412791), 7.259008884429932)
Day:1 
(1, 3, 100, -28.692024522443262, 484.0, (0.0391500723649672, 4.138823777944127, 42.02171837408389, 27.51811259412791), 7.676027059555054)
Day:1 
(1, 4, 100, -31.98522525080417, 1444.0, (1.9682153472699637, 6.216543913419828, 42.02171837408389, 27.51811259412791), 7.726957082748413)
Day:1 
(1, 5, 100, -26.02944483524587, 9.0, (1.9682153472699637, 0.21990132659619813, 17.81261684377445, 14.664579112689562), 7.5137858390808105)
Day:1 
(1, 6, 100, -30.853949407244528, 36.0, (40.33058542153923, 4.2983315815140966, 4.298532816577675, 29.092031482979763), 7.28099513053894)
Day:1 
(1, 7, 100, -33.4045673941008, 441.0, (38.82996192949857, 1.4558903166817536, 38.687508002438555, 30.482646055025477), 7.541430950164795)
Day:1 
(1, 8, 100, -29.35955113109345, 25.0, (18.57185082842269, 20.946965954875427, 0.20577097154048002, 30.482646055025477), 7.671096086502075)
Day:1 
(1, 9, 100, -22.848705469708694, 625.0, (0.039577119592690085, 0.1712820705972721, 0.3799242873471663, 30.482646055025477), 7.681550979614258)
Day:1 
(1, 10, 100, -28.71760844476111, 169.0, (9.89837307894911, 1.322453225225351, 10.480002760433134, 28.33402592536458), 7.377518892288208)
Day:1 
(1, 11, 100, -30.690584178788434, 1225.0, (9.89837307894911, 5.6870323465947985, 10.480002760433134, 28.33402592536458), 7.978893041610718)
Day:1 
(1, 12, 100, -27.291627480687332, 81.0, (4.577652175529434, 3.225061320562786, 10.480002760433134, 12.071966209423413), 7.395646095275879)
Day:1 
(1, 13, 100, -24.169340901343325, 25.0, (6.89629141625372, 0.017239690020831346, 0.322922525569355, 34.4663182923752), 7.48627781867981)
Day:1 
(1, 14, 100, -27.60368924166445, 9.0, (2.758555296228228, 14.440681216319698, 0.322922525569355, 34.898837895262666), 7.499248027801514)
Day:1 
(1, 15, 100, -25.887686022881592, 1764.0, (2.758555296228228, 0.39386463660780296, 1.309681637354327, 12.182208734670507), 7.376852989196777)
Day:1 
(1, 16, 100, -23.716612945487203, 16.0, (10.584889612188151, 0.39386463660780296, 0.07974755232278558, 10.794163303581911), 7.409759998321533)
Day:1 
(1, 17, 100, -23.413174486897844, 576.0, (0.9703809434796594, 0.39386463660780296, 0.07974755232278558, 21.476039711416846), 7.6329569816589355)
Day:1 
(1, 18, 100, -30.311205303207664, 900.0, (6.805613021569175, 10.648925825349382, 1.1724057717393488, 48.4874266970305), 7.521407127380371)
Day:1 
(1, 19, 100, -31.22018024372069, 1.0, (43.65306271340981, 3.8479317408712275, 0.9044104778891698, 48.4874266970305), 7.513506889343262)
Day:1 
(1, 20, 100, -28.256954882624854, 121.0, (0.44066738036833014, 11.788258393865023, 7.2330430303365825, 33.55157135947478), 7.429363012313843)
Day:1 
(1, 21, 100, -32.04188248983199, 2916.0, (5.382625076560613, 7.743891017671615, 7.2330430303365825, 33.55157135947478), 7.67052698135376)
Day:1 
(1, 22, 100, -28.70376408618143, 676.0, (6.787784914980957, 31.390346723557542, 0.022485391949065237, 33.55157135947478), 7.672166109085083)
Day:1 
(1, 23, 100, -23.050388564803267, 64.0, (1.6317596545881738, 2.2485186506290957, 0.022485391949065237, 15.104717359552003), 7.420505046844482)
Day:1 
(1, 24, 100, -31.30070963109512, 144.0, (7.087299580365689, 2.2485186506290957, 24.31869249567614, 52.059651084199665), 7.92399001121521)
Day:1 
(1, 25, 100, -24.940723934494034, 81.0, (0.6131970013230753, 2.2485186506290957, 3.671514267546947, 11.597611570790434), 7.817276954650879)
Day:1 
(1, 26, 100, -29.631260441585788, 1521.0, (0.6131970013230753, 18.6185875675677, 3.6530334976031744, 28.925461271543416), 7.625133037567139)
Day:1 
(1, 27, 100, -30.70260032104668, 64.0, (2.0225014870882005, 18.6185875675677, 6.139237248842984, 53.28362269112549), 7.854724884033203)
Day:1 
(1, 28, 100, -32.47804312236059, 484.0, (8.470412259966613, 1.9250110340727729, 34.38837483522298, 53.28362269112549), 7.525161981582642)
Day:1 
(1, 29, 100, -29.956191879416323, 9.0, (2.7524246013197953, 18.954422904421833, 1.5845052106424595, 53.28362269112549), 7.3598949909210205)
Day:1 
(1, 30, 100, -29.347855338965317, 144.0, (2.0010473984633745, 7.361588341465578, 3.5455837344094876, 53.28362269112549), 7.494832992553711)
Day:1 
(1, 31, 100, -25.820523842199687, 9.0, (1.6169063782421038, 2.514115751075831, 3.5455837344094876, 15.80473414098065), 7.845216989517212)
Day:1 
(1, 32, 100, -26.433042814299895, 16.0, (1.6169063782421038, 0.05306596838604044, 42.936634715116234, 9.600086421020878), 7.500977993011475)
Day:1 
(1, 33, 100, -28.66900362547709, 1521.0, (1.6169063782421038, 7.501054020806293, 13.170021901589976, 9.600086421020878), 8.101447105407715)
Day:1 
(1, 34, 100, -27.037460535440562, 400.0, (1.6169063782421038, 7.501054020806293, 0.5934047223949874, 30.429485290945493), 7.856544017791748)
Day:1 
(1, 35, 100, -28.840316902787723, 5625.0, (0.004243781568105236, 0.8680626992407362, 15.402966282814639, 10.020519110777638), 7.633378982543945)
Day:1 
(1, 36, 100, -29.398141793115343, 225.0, (4.727882411290568, 18.406074120764696, 5.820693861579278, 22.739382729757956), 7.619701862335205)
Day:1 
(1, 37, 100, -29.783859312958576, 441.0, (5.452480186680523, 24.53293878277437, 3.2877232276459667, 22.739382729757956), 7.74046516418457)
Day:1 
(1, 38, 100, -30.354332245258004, 1369.0, (6.738138904288493, 24.53293878277437, 1.3137603317351538, 22.739382729757956), 8.065507888793945)
Day:1 
(1, 39, 100, -25.403479664913238, 441.0, (0.3545592027466359, 5.929229364529328, 0.49297970786943907, 22.739382729757956), 7.720049142837524)
Day:1 
(1, 40, 100, -31.302631129083032, 1296.0, (18.739332653079803, 10.150101049907898, 7.290691974466116, 22.739382729757956), 7.607497930526733)
Day:1 
(1, 41, 100, -27.81038462035398, 1296.0, (0.124453553337901, 8.817735542479975, 7.290691974466116, 22.739382729757956), 8.10344409942627)
Day:1 
(1, 42, 100, -26.405012511184204, 484.0, (0.5163827496593016, 8.817735542479975, 5.511829796729928, 9.07974060703675), 7.782080888748169)
Day:1 
(1, 43, 100, -28.297215018475125, 4.0, (2.4197525427878346, 8.659408925383286, 21.422900496654986, 9.07974060703675), 7.782915115356445)
Day:1 
(1, 44, 100, -24.8619385228555, 1296.0, (0.5282522418479568, 2.317198539930691, 0.73477452965639, 9.07974060703675), 8.045938968658447)
Day:1 
(1, 45, 100, -26.247600890567636, 576.0, (0.05277016740633134, 2.3530622754852177, 0.45993474599393386, 60.16229917721936), 7.536255836486816)
Day:1 
(1, 46, 100, -24.437223036521747, 0.0, (0.6160146799659536, 0.17314870204210442, 9.776312546870068, 13.384750075443225), 7.554615020751953)
Day:1 
(1, 47, 100, -26.585553358985248, 1024.0, (0.8981068508410436, 3.60020725186434, 4.0028947645065776, 13.384750075443225), 7.669165134429932)
Day:1 
(1, 48, 100, -25.99039894469881, 900.0, (3.2162579780125014, 4.701241440119968, 0.572828396925664, 9.524187423795457), 7.909364938735962)
Day:1 
(1, 49, 100, -23.841656814849724, 841.0, (0.36016807624165914, 16.326481699436208, 0.0036257263382034007, 15.406445914221674), 7.8011510372161865)
Day:1 
(1, 50, 100, -22.916919672346392, 256.0, (0.36016807624165914, 8.02167878845981, 0.0036257263382034007, 21.503195333629538), 8.15605902671814)
Day:1 
(1, 51, 100, -28.057135529663633, 900.0, (0.9277696540937262, 1.1684700485907085, 16.907752498088296, 24.182869617338575), 7.550341844558716)
Day:1 
(1, 52, 100, -20.506218270525157, 900.0, (0.7390181188996542, 0.0003611190760669698, 0.13040090797802373, 24.182869617338575), 7.428506135940552)
Day:1 
(1, 53, 100, -27.155947018018793, 484.0, (15.04655581047769, 6.133214194600818, 0.09864178367685197, 21.351457677439868), 7.546422958374023)
Day:1 
(1, 54, 100, -26.760744427405744, 1.0, (12.189865832087914, 1.2624641998650428, 1.3086766384323612, 21.351457677439868), 7.806504011154175)
Day:1 
(1, 55, 100, -27.774798475839926, 289.0, (17.517459180483044, 1.2624641998650428, 2.1480328260997092, 21.351457677439868), 7.698071002960205)
Day:1 
(1, 56, 100, -29.252648199765208, 225.0, (3.601781331203065, 9.881453522999426, 2.1480328260997092, 45.193675533139455), 7.992486953735352)
Day:1 
(1, 57, 100, -28.960589482995005, 4.0, (0.9133104574283305, 9.881453522999426, 6.26689120114048, 45.193675533139455), 8.230703115463257)
Day:1 
(1, 58, 100, -28.007386644577974, 2209.0, (8.36648271695564, 7.841901531816264, 0.15332716807344143, 12.892025116326922), 7.630368947982788)
Day:1 
(1, 59, 100, -26.220140043284793, 81.0, (2.8131155301914674, 6.165184232040833, 0.17445946500699044, 30.156920248952396), 7.755555868148804)
Day:1 
(1, 60, 100, -20.854081456675992, 16.0, (0.011918784233252681, 0.02914422808716205, 0.5051340974150271, 30.156920248952396), 8.010643005371094)
Day:1 
(1, 61, 100, -22.187087574254672, 324.0, (0.7846631739954439, 8.372191808623092e-05, 8.713728930582262, 30.156920248952396), 7.977128982543945)
Day:1 
(1, 62, 100, -30.721660462694537, 16.0, (21.707791392418763, 11.984101222964561, 8.713728930582262, 24.13445800855754), 7.7488110065460205)
Day:1 
(1, 63, 100, -21.766375801456398, 529.0, (0.002356678998344446, 0.3341891136810529, 8.713728930582262, 4.844994677308659), 8.122933149337769)
Day:1 
(1, 64, 100, -23.020092282030372, 900.0, (0.041867527017406335, 0.2769904290949207, 4.438907400133663, 4.844994677308659), 8.137614965438843)
Day:1 
(1, 65, 100, -25.937648949208157, 529.0, (8.757365108811218, 0.2769904290949207, 4.438907400133663, 9.322389445050455), 8.367809057235718)
Day:1 
(1, 66, 100, -27.39207142902029, 196.0, (8.859370327258985, 3.0969421359346083, 4.2620978955390365, 9.322389445050455), 8.019153833389282)
Day:1 
(1, 67, 100, -32.037874793305676, 5329.0, (8.859370327258985, 3.0969421359346083, 1.5526112046481408, 9.322389445050455), 8.384324073791504)
Day:1 
(1, 68, 100, -25.390302155989854, 49.0, (0.15605492596945594, 9.786639575140315, 4.856859051725859, 9.322389445050455), 8.112282037734985)
Day:1 
(1, 69, 100, -30.580197605440652, 100.0, (5.420422942029766, 4.7508554512956005, 55.52237442333572, 9.322389445050455), 7.963381052017212)
Day:1 
(1, 70, 100, -26.072781945428034, 1296.0, (1.162875099386256, 4.7508554512956005, 1.2037997712166884, 9.322389445050455), 8.338039875030518)
Day:1 
(1, 71, 100, -25.148629234025773, 36.0, (0.07493275953098881, 3.5819849180849173, 14.710619828576865, 9.322389445050455), 7.84089994430542)
Day:1 
(1, 72, 100, -32.7888447083114, 4.0, (33.20703485675406, 0.22132364939210403, 14.710619828576865, 78.62460633304123), 7.737275123596191)
Day:1 
(1, 73, 100, -32.71773787053699, 81.0, (19.20041960468534, 11.174568345158303, 13.453622585148459, 51.47874648703054), 7.870174884796143)
Day:1 
(1, 74, 100, -29.337726715144207, 196.0, (14.436151342981338, 0.7746781684397452, 15.050473257145137, 29.02891102466583), 7.768280029296875)
Day:1 
(1, 75, 100, -31.50839686291563, 196.0, (7.907738230311053, 21.014552498076593, 16.92638002461126, 29.02891102466583), 8.62562108039856)
Day:1 
(1, 76, 100, -21.284455931318824, 49.0, (4.36163105262934, 0.00413427980654552, 0.17365812873858785, 13.383814884497225), 8.671451091766357)
Day:1 
(1, 77, 100, -30.809725154511266, 2500.0, (13.744653687024934, 6.827358734925574, 3.44429732797743, 13.383814884497225), 9.068597793579102)
Day:1 
(1, 78, 100, -20.610780369090143, 625.0, (0.004298601083686704, 0.07517397657736624, 2.1756851659091527, 9.506640934286786), 8.94702410697937)
Day:1 
(1, 79, 100, -20.24810853667269, 900.0, (3.35947815293669, 0.06398419428298542, 0.0008164536539787524, 8.987900956226373), 9.262043952941895)
Day:1 
(1, 80, 100, -21.215233664876703, 49.0, (4.0753505638851095, 1.6269578884292348, 0.0008164536539787524, 8.987900956226373), 9.240962982177734)
Day:1 
(1, 81, 100, -26.167046684717402, 729.0, (4.0753505638851095, 1.073326042340103, 4.601758702455267, 8.987900956226373), 9.116595029830933)
Day:1 
(1, 82, 100, -24.244616774998907, 169.0, (2.3435831220281695, 0.8265340760642791, 1.1113576455205394, 8.987900956226373), 9.68130111694336)
Day:1 
(1, 83, 100, -25.294829630825134, 4.0, (4.34699321815547, 2.9267343208488317, 1.0889933474610964, 9.789891189761105), 9.390758991241455)
Day:1 
(1, 84, 100, -26.51422376078066, 36.0, (2.568982551967, 3.434832427042951, 4.933356452005483, 15.264595357841396), 9.391719818115234)
Day:1 
(1, 85, 100, -25.137295730109994, 4.0, (6.262732575275617, 3.434832427042951, 0.014400432204246914, 31.69667363391899), 9.113829135894775)
Day:1 
(1, 86, 100, -27.509976237937906, 1225.0, (13.309619138466491, 6.400975014312743, 0.014400432204246914, 31.69667363391899), 9.536252975463867)
Day:1 
(1, 87, 100, -32.7223985893985, 324.0, (15.474057809550487, 0.020943664147647627, 78.22934281836409, 45.14166183392806), 9.166500091552734)
Day:1 
(1, 88, 100, -33.61761193013325, 532.0, (0.3948966536731294, 0.6128904994117071, 0.11258462859401458, 4.465858535213556), 9.05397081375122)
Day:1 
(1, 89, 100, -24.278508219985962, 9.0, (0.3948966536731294, 0.6128904994117071, 9.37844053893673, 5.028537460231791), 9.751636981964111)
Day:1 
(1, 90, 100, -26.377260308243166, 81.0, (2.22910889331916, 3.6061182458652956, 4.010073189929626, 15.44472090432153), 9.347333192825317)
Day:1 
(1, 91, 100, -30.74231298388368, 1024.0, (8.056341138592268, 2.3070256173903165, 0.06556172151525813, 98.28368632759033), 9.347324848175049)
Day:1 
(1, 92, 100, -33.526376999441034, 784.0, (18.08571588607991, 14.725928712143425, 0.19956895910391467, 98.28368632759033), 9.499511003494263)
Day:1 
(1, 93, 100, -33.06859246357595, 1521.0, (36.71036881906538, 3.8707179130644316, 5.30358024968504, 42.0003702263491), 9.195178031921387)
Day:1 
(1, 94, 100, -30.77330305940282, 169.0, (2.770420748207289, 12.621723146500951, 12.686898574132556, 46.400607606722865), 9.345785140991211)
Day:1 
(1, 95, 100, -27.91163338698843, 49.0, (3.452290352186095, 2.997437061899056, 9.941467839848887, 24.2719744495894), 8.766066789627075)
Day:1 
(1, 96, 100, -27.270335099128364, 121.0, (10.111640399788003, 0.9104238407848686, 3.2514995534397397, 24.2719744495894), 9.044045209884644)
Day:1 
(1, 97, 100, -28.23390158909758, 196.0, (0.5619849375451144, 6.531218295430922, 17.35478902185319, 24.2719744495894), 9.081284999847412)
Day:1 
(1, 98, 100, -29.088800999837108, 4.0, (0.43435881897231626, 19.449392577390032, 17.35478902185319, 24.2719744495894), 9.355087995529175)
Day:1 
(1, 99, 100, -27.089876696836573, 676.0, (11.76606099546466, 0.05345879600261099, 7.193034196938299, 24.2719744495894), 9.223732948303223)
Day:1 
(1, 100, 100, -29.705487080257058, 361.0, (9.538734965856861, 9.36332380440937, 7.96806278201445, 24.2719744495894), 9.17078185081482)
Day:2 
(2, 0, 100, -14428.502510463559, 1156990.0, (9.538734965856861, 9.36332380440937, 7.96806278201445, 24.2719744495894), 12.037899017333984)
Day:2 
(2, 1, 100, -2126.8098706338124, 284470.0, (9.538734965856861, 33.465915275489905, 11.856363618344682, 24.2719744495894), 55.388836145401)
Day:2 
(2, 2, 100, -2064.4297423395337, 284205.0, (9.538734965856861, 33.465915275489905, 11.856363618344682, 24.2719744495894), 59.40862989425659)
Day:2 
(2, 3, 100, -1666.833617793388, 114100.0, (9.538734965856861, 33.465915275489905, 45.45109947724494, 24.2719744495894), 67.29382014274597)
Day:2 
(2, 4, 100, -1113.8222122690972, 217507.0, (9.538734965856861, 33.465915275489905, 27.03078775998908, 24.2719744495894), 65.03725981712341)
Day:2 
(2, 5, 100, -1069.342628756979, 212335.0, (9.538734965856861, 33.465915275489905, 27.03078775998908, 24.2719744495894), 67.4675920009613)
Day:2 
(2, 6, 100, -1058.719631293897, 211578.0, (9.538734965856861, 33.465915275489905, 27.03078775998908, 24.2719744495894), 53.42509412765503)
Day:2 
(2, 7, 100, -1038.777551745484, 211588.0, (9.538734965856861, 33.465915275489905, 27.03078775998908, 24.2719744495894), 52.213780879974365)
Day:2 
(2, 8, 100, -1037.5894924254876, 211243.0, (9.538734965856861, 33.465915275489905, 27.03078775998908, 24.2719744495894), 53.0204119682312)
Day:2 
(2, 9, 100, -1039.1948475218917, 210996.0, (9.538734965856861, 33.465915275489905, 27.03078775998908, 24.2719744495894), 46.971091985702515)
Day:2 
(2, 10, 100, -1038.7667547601764, 211725.0, (9.538734965856861, 33.465915275489905, 27.03078775998908, 24.2719744495894), 58.71274209022522)
Day:2 
(2, 11, 100, -605.5252500649427, 80491.0, (9.538734965856861, 26.443282279872687, 27.03078775998908, 24.2719744495894), 53.79716396331787)
Day:2 
(2, 12, 100, -435.6222042401605, 79349.0, (9.538734965856861, 26.443282279872687, 27.03078775998908, 24.2719744495894), 52.09214210510254)
Day:2 
(2, 13, 100, -430.92382605439013, 79384.0, (9.538734965856861, 26.443282279872687, 27.03078775998908, 24.2719744495894), 47.68422603607178)
Day:2 
(2, 14, 100, -417.9470034097014, 79155.0, (9.538734965856861, 26.443282279872687, 27.03078775998908, 24.2719744495894), 50.336113929748535)
Day:2 
(2, 15, 100, -419.11229848684775, 79014.0, (9.538734965856861, 26.443282279872687, 27.03078775998908, 24.2719744495894), 49.44991898536682)
Day:2 
(2, 16, 100, -417.12339571800476, 79131.0, (9.538734965856861, 26.443282279872687, 27.03078775998908, 24.2719744495894), 53.1781849861145)
Day:2 
(2, 17, 100, -416.32651393835727, 78823.0, (9.538734965856861, 26.443282279872687, 27.03078775998908, 24.2719744495894), 46.610053062438965)
Day:2 
(2, 18, 100, -406.25223944631944, 78460.0, (9.538734965856861, 26.443282279872687, 27.03078775998908, 24.2719744495894), 50.431803941726685)
Day:2 
(2, 19, 100, -406.4193571123401, 78539.0, (9.538734965856861, 26.443282279872687, 27.03078775998908, 24.2719744495894), 49.493874073028564)
Day:2 
(2, 20, 100, -407.13412704516406, 78491.0, (9.538734965856861, 26.443282279872687, 27.03078775998908, 24.2719744495894), 47.57742500305176)
Day:2 
(2, 21, 100, -408.47043475392195, 78921.0, (9.538734965856861, 26.443282279872687, 27.03078775998908, 24.2719744495894), 51.49752402305603)
Day:2 
(2, 22, 100, -400.78011983870886, 78836.0, (9.538734965856861, 26.443282279872687, 27.03078775998908, 24.2719744495894), 44.9209840297699)
Day:2 
(2, 23, 100, -395.584111739056, 78517.0, (9.538734965856861, 26.443282279872687, 27.03078775998908, 24.2719744495894), 53.4979088306427)
Day:2 
(2, 24, 100, -380.6175104040547, 78376.0, (9.538734965856861, 26.443282279872687, 27.03078775998908, 24.2719744495894), 47.362322092056274)
Day:2 
(2, 25, 100, -380.2843885800109, 78308.0, (9.538734965856861, 26.443282279872687, 27.03078775998908, 24.2719744495894), 56.73696184158325)
Day:2 
(2, 26, 100, -382.9698944864825, 77791.0, (9.538734965856861, 26.443282279872687, 27.03078775998908, 24.2719744495894), 53.351909160614014)
Day:2 
(2, 27, 100, -382.42913828300715, 77771.0, (9.538734965856861, 26.443282279872687, 27.03078775998908, 24.2719744495894), 46.475892066955566)
Day:2 
(2, 28, 100, -381.43546550678496, 77887.0, (9.538734965856861, 26.443282279872687, 27.03078775998908, 24.2719744495894), 47.44680690765381)
Day:2 
(2, 29, 100, -381.60442268936896, 77540.0, (9.538734965856861, 26.443282279872687, 27.03078775998908, 24.2719744495894), 47.55053687095642)
Day:2 
(2, 30, 100, -381.08599159330805, 78063.0, (9.538734965856861, 26.443282279872687, 27.03078775998908, 24.2719744495894), 52.3394501209259)
Day:2 
(2, 31, 100, -380.7123712107941, 77979.0, (9.538734965856861, 26.443282279872687, 27.03078775998908, 24.2719744495894), 45.07429599761963)
Day:2 
(2, 32, 100, -381.31543776097425, 78108.0, (9.538734965856861, 26.443282279872687, 27.03078775998908, 24.2719744495894), 51.33424091339111)
Day:2 
(2, 33, 100, -380.33166345667706, 77700.0, (9.538734965856861, 26.443282279872687, 27.03078775998908, 24.2719744495894), 45.273051023483276)
Day:2 
(2, 34, 100, -376.91864023067984, 77322.0, (9.538734965856861, 26.443282279872687, 27.03078775998908, 24.2719744495894), 52.239959955215454)
Day:2 
(2, 35, 100, -376.97311632320526, 77133.0, (9.538734965856861, 26.443282279872687, 27.03078775998908, 24.2719744495894), 47.62270212173462)
Day:2 
(2, 36, 100, -376.62721440909155, 77354.0, (9.538734965856861, 26.443282279872687, 27.03078775998908, 24.2719744495894), 48.15430402755737)
Day:2 
(2, 37, 100, -376.3506954520895, 77249.0, (9.538734965856861, 26.443282279872687, 27.03078775998908, 24.2719744495894), 52.93942999839783)
Day:2 
(2, 38, 100, -376.84471253438045, 77042.0, (9.538734965856861, 26.443282279872687, 27.03078775998908, 24.2719744495894), 54.371224880218506)
Day:2 
(2, 39, 100, -372.4289983334321, 77103.0, (9.538734965856861, 26.443282279872687, 27.03078775998908, 24.2719744495894), 48.393874168395996)
Day:2 
(2, 40, 100, -372.34714633769374, 77207.0, (9.538734965856861, 26.443282279872687, 27.03078775998908, 24.2719744495894), 46.71478581428528)
Day:2 
(2, 41, 100, -372.8097060875491, 77382.0, (9.538734965856861, 26.443282279872687, 27.03078775998908, 24.2719744495894), 53.63754200935364)
Day:2 
(2, 42, 100, -372.33135376675216, 77178.0, (9.538734965856861, 26.443282279872687, 27.03078775998908, 24.2719744495894), 49.996103048324585)
Day:2 
(2, 43, 100, -372.5459802342672, 77306.0, (9.538734965856861, 26.443282279872687, 27.03078775998908, 24.2719744495894), 50.82187604904175)
Day:2 
(2, 44, 100, -374.2790198031021, 77658.0, (9.538734965856861, 26.443282279872687, 27.03078775998908, 24.2719744495894), 52.87853693962097)
Day:2 
(2, 45, 100, -372.98249951944024, 77423.0, (9.538734965856861, 26.443282279872687, 27.03078775998908, 24.2719744495894), 47.57443594932556)
Day:2 
(2, 46, 100, -370.2913804817109, 77258.0, (9.538734965856861, 26.443282279872687, 27.03078775998908, 24.2719744495894), 50.695571184158325)
Day:2 
(2, 47, 100, -370.6768959905928, 77315.0, (9.538734965856861, 26.443282279872687, 27.03078775998908, 24.2719744495894), 47.759275913238525)
Day:2 
(2, 48, 100, -372.56067515667394, 77234.0, (9.538734965856861, 26.443282279872687, 27.03078775998908, 24.2719744495894), 53.501209020614624)
Day:2 
(2, 49, 100, -370.8068586549547, 77495.0, (9.538734965856861, 26.443282279872687, 27.03078775998908, 24.2719744495894), 49.116684913635254)
Day:2 
(2, 50, 100, -369.563349031519, 77338.0, (9.538734965856861, 26.443282279872687, 27.03078775998908, 24.2719744495894), 50.77808594703674)
Day:2 
(2, 51, 100, -369.02169070292734, 77402.0, (9.538734965856861, 26.443282279872687, 27.03078775998908, 24.2719744495894), 49.73251509666443)
Day:2 
(2, 52, 100, -368.9392185788246, 77549.0, (9.538734965856861, 26.443282279872687, 27.03078775998908, 24.2719744495894), 47.55328607559204)
Day:2 
(2, 53, 100, -368.9016910828708, 77325.0, (9.538734965856861, 26.443282279872687, 27.03078775998908, 24.2719744495894), 48.30373692512512)
Day:2 
(2, 54, 100, -368.78110071860044, 77481.0, (9.538734965856861, 26.443282279872687, 27.03078775998908, 24.2719744495894), 48.83199095726013)
Day:2 
(2, 55, 100, -368.4936616072287, 77890.0, (9.538734965856861, 26.443282279872687, 27.03078775998908, 24.2719744495894), 52.678714990615845)
Day:2 
(2, 56, 100, -367.18929213845684, 77514.0, (9.538734965856861, 26.443282279872687, 27.03078775998908, 24.2719744495894), 54.65450406074524)
Day:2 
(2, 57, 100, -366.8031278912855, 77687.0, (9.538734965856861, 26.443282279872687, 27.03078775998908, 24.2719744495894), 47.93193697929382)
Day:2 
(2, 58, 100, -368.02143136356426, 77934.0, (9.538734965856861, 26.443282279872687, 27.03078775998908, 24.2719744495894), 48.2497661113739)
Day:2 
(2, 59, 100, -368.28972981151287, 77414.0, (9.538734965856861, 26.443282279872687, 27.03078775998908, 24.2719744495894), 58.26974582672119)
Day:2 
(2, 60, 100, -368.16179527188274, 77969.0, (9.538734965856861, 26.443282279872687, 27.03078775998908, 24.2719744495894), 48.266584157943726)
Day:2 
(2, 61, 100, -367.30005568738693, 77793.0, (9.538734965856861, 26.443282279872687, 27.03078775998908, 24.2719744495894), 55.075953006744385)
Day:2 
(2, 62, 100, -366.58367095033134, 76960.0, (9.538734965856861, 26.443282279872687, 27.03078775998908, 24.2719744495894), 56.38676691055298)
Day:2 
(2, 63, 100, -366.68589479962384, 76941.0, (9.538734965856861, 26.443282279872687, 27.03078775998908, 24.2719744495894), 53.014400005340576)
Day:2 
(2, 64, 100, -366.95709766835193, 76909.0, (9.538734965856861, 26.443282279872687, 27.03078775998908, 24.2719744495894), 47.40171003341675)
Day:2 
(2, 65, 100, -367.58327541460426, 77512.0, (9.538734965856861, 26.443282279872687, 27.03078775998908, 24.2719744495894), 45.5680570602417)
Day:2 
(2, 66, 100, -364.5919040329791, 77009.0, (9.538734965856861, 26.443282279872687, 27.03078775998908, 24.2719744495894), 51.77674388885498)
Day:2 
(2, 67, 100, -364.365745327421, 76841.0, (9.538734965856861, 26.443282279872687, 27.03078775998908, 24.2719744495894), 52.86157011985779)
Day:2 
(2, 68, 100, -363.937842516875, 77081.0, (9.538734965856861, 26.443282279872687, 27.03078775998908, 24.2719744495894), 53.94134283065796)
Day:2 
(2, 69, 100, -363.4336588665776, 77196.0, (9.538734965856861, 26.443282279872687, 27.03078775998908, 24.2719744495894), 47.61105298995972)
Day:2 
(2, 70, 100, -363.5476100615348, 77316.0, (9.538734965856861, 26.443282279872687, 27.03078775998908, 24.2719744495894), 45.20570111274719)
Day:2 
(2, 71, 100, -363.44077975344055, 77252.0, (9.538734965856861, 26.443282279872687, 27.03078775998908, 24.2719744495894), 51.48254108428955)
Day:2 
(2, 72, 100, -365.07086365844765, 77784.0, (9.538734965856861, 26.443282279872687, 27.03078775998908, 24.2719744495894), 57.031049966812134)
Day:2 
(2, 73, 100, -365.06111924662093, 77522.0, (9.538734965856861, 26.443282279872687, 27.03078775998908, 24.2719744495894), 52.92813801765442)
Day:2 
(2, 74, 100, -366.8084966977524, 78202.0, (9.538734965856861, 26.443282279872687, 27.03078775998908, 24.2719744495894), 50.14067792892456)
Day:2 
(2, 75, 100, -364.5192652411178, 77642.0, (9.538734965856861, 26.443282279872687, 27.03078775998908, 24.2719744495894), 56.11854600906372)
Day:2 
(2, 76, 100, -365.45403612211, 77969.0, (9.538734965856861, 26.443282279872687, 27.03078775998908, 24.2719744495894), 54.73403596878052)
Day:2 
(2, 77, 100, -370.56007643279753, 77777.0, (9.538734965856861, 26.443282279872687, 27.03078775998908, 24.2719744495894), 49.99029302597046)
Day:2 
(2, 78, 100, -363.82424799023636, 77528.0, (9.538734965856861, 26.443282279872687, 27.03078775998908, 24.2719744495894), 50.64433693885803)
Day:2 
(2, 79, 100, -364.51400822576187, 77705.0, (9.538734965856861, 26.443282279872687, 27.03078775998908, 24.2719744495894), 52.02752995491028)
Day:2 
(2, 80, 100, -360.70224350756075, 75279.0, (9.538734965856861, 26.443282279872687, 27.03078775998908, 24.2719744495894), 58.595168113708496)
Day:2 
(2, 81, 100, -360.2759784180563, 75098.0, (9.538734965856861, 26.443282279872687, 27.03078775998908, 24.2719744495894), 50.30516695976257)
Day:2 
(2, 82, 100, -360.07002363462, 74943.0, (9.538734965856861, 26.443282279872687, 27.03078775998908, 24.2719744495894), 49.73930811882019)
Day:2 
(2, 83, 100, -360.1027152149653, 74918.0, (9.538734965856861, 26.443282279872687, 27.03078775998908, 24.2719744495894), 52.58778190612793)
Day:2 
(2, 84, 100, -360.9133246538522, 75258.0, (9.538734965856861, 26.443282279872687, 27.03078775998908, 24.2719744495894), 51.27816987037659)
Day:2 
(2, 85, 100, -360.2759784180563, 75098.0, (9.538734965856861, 26.443282279872687, 27.03078775998908, 24.2719744495894), 46.24163222312927)
Day:2 
(2, 86, 100, -360.46527680689957, 74838.0, (9.538734965856861, 26.443282279872687, 27.03078775998908, 24.2719744495894), 54.24961280822754)
Day:2 
(2, 87, 100, -359.5639721797636, 74691.0, (9.538734965856861, 26.443282279872687, 27.03078775998908, 24.2719744495894), 48.68482804298401)
Day:2 
(2, 88, 100, -360.7990041578569, 75004.0, (9.538734965856861, 26.443282279872687, 27.03078775998908, 24.2719744495894), 57.078490018844604)
Day:2 
(2, 89, 100, -359.9557031386247, 74689.0, (9.538734965856861, 26.443282279872687, 27.03078775998908, 24.2719744495894), 46.603939056396484)
Day:2 
(2, 90, 100, -359.9883947189701, 74664.0, (9.538734965856861, 26.443282279872687, 27.03078775998908, 24.2719744495894), 48.521209955215454)
Day:2 
(2, 91, 100, -359.96282402548763, 74745.0, (9.538734965856861, 26.443282279872687, 27.03078775998908, 24.2719744495894), 53.87300395965576)
Day:2 
(2, 92, 100, -362.1875022588855, 75105.0, (9.538734965856861, 26.443282279872687, 27.03078775998908, 24.2719744495894), 49.47199606895447)
Day:2 
(2, 93, 100, -361.3542332936785, 74895.0, (9.538734965856861, 26.443282279872687, 27.03078775998908, 24.2719744495894), 52.06137490272522)
Day:2 
(2, 94, 100, -361.6307522506804, 75000.0, (9.538734965856861, 26.443282279872687, 27.03078775998908, 24.2719744495894), 47.676300048828125)
Day:2 
(2, 95, 100, -361.3568908926477, 74528.0, (9.538734965856861, 26.443282279872687, 27.03078775998908, 24.2719744495894), 57.15526008605957)
Day:2 
(2, 96, 100, -361.2515263355307, 74600.0, (9.538734965856861, 26.443282279872687, 27.03078775998908, 24.2719744495894), 60.72003984451294)
Day:2 
(2, 97, 100, -361.0161433379177, 74360.0, (9.538734965856861, 26.443282279872687, 27.03078775998908, 24.2719744495894), 48.930519104003906)
Day:2 
(2, 98, 100, -362.5764998390591, 74563.0, (9.538734965856861, 26.443282279872687, 27.03078775998908, 24.2719744495894), 48.89142203330994)
Day:2 
(2, 99, 100, -360.9848813848138, 74246.0, (9.538734965856861, 26.443282279872687, 27.03078775998908, 24.2719744495894), 55.84918189048767)
Day:2 
(2, 100, 100, -361.27309815453134, 74649.0, (9.538734965856861, 26.443282279872687, 27.03078775998908, 24.2719744495894), 48.242583990097046)