
Day:1 
(1, 0, 100, -132116.98892164932, 93084025.0, (1.415926735041632, 0.023903221783009274, 3.4488248315010814, 8.382217848207741), 4.172558784484863)
Day:1 
(1, 1, 100, -6417.976509105828, 37024919.0, (0.4553975494355885, 4.548707034676791, 3.4488248315010814, 5.6546818176219835), 7.885986089706421)
Day:1 
(1, 2, 100, -6268.934622023268, 36656314.0, (0.4553975494355885, 4.548707034676791, 3.4488248315010814, 5.6546818176219835), 8.259366035461426)
Day:1 
(1, 3, 100, -4609.611418269798, 11575304.0, (0.4553975494355885, 4.548707034676791, 3.4488248315010814, 5.943900145065609), 8.168526887893677)
Day:1 
(1, 4, 100, -4479.035345392629, 11092367.0, (0.4553975494355885, 4.548707034676791, 3.4488248315010814, 5.943900145065609), 8.369760990142822)
Day:1 
(1, 5, 100, -4445.8232460268255, 11607664.0, (0.4553975494355885, 4.548707034676791, 3.4488248315010814, 5.943900145065609), 8.601523160934448)
Day:1 
(1, 6, 100, -4435.127612940714, 12130970.0, (0.4553975494355885, 4.548707034676791, 3.4488248315010814, 5.943900145065609), 8.462499856948853)
Day:1 
(1, 7, 100, -4432.864817962265, 11053274.0, (0.4553975494355885, 4.548707034676791, 3.4488248315010814, 5.943900145065609), 8.447656154632568)
Day:1 
(1, 8, 100, -4433.63516963856, 11054294.0, (0.4553975494355885, 4.548707034676791, 3.4488248315010814, 5.943900145065609), 8.462882995605469)
Day:1 
(1, 9, 100, -4420.978693298391, 11041635.0, (0.4553975494355885, 4.548707034676791, 3.4488248315010814, 5.943900145065609), 8.475621938705444)
Day:1 
(1, 10, 100, -4408.971599841648, 11087065.0, (0.4553975494355885, 4.548707034676791, 3.4488248315010814, 5.943900145065609), 8.443685054779053)
Day:1 
(1, 11, 100, -4406.006255958309, 11285772.0, (0.4553975494355885, 4.548707034676791, 3.4488248315010814, 5.943900145065609), 8.460715055465698)
Day:1 
(1, 12, 100, -4358.777572817812, 10974168.0, (0.4553975494355885, 4.548707034676791, 3.4488248315010814, 5.943900145065609), 8.464188814163208)
Day:1 
(1, 13, 100, -4358.22690405084, 11188849.0, (0.4553975494355885, 4.548707034676791, 3.4488248315010814, 5.943900145065609), 8.473725080490112)
Day:1 
(1, 14, 100, -4358.003085358957, 11466535.0, (0.4553975494355885, 4.548707034676791, 3.4488248315010814, 5.943900145065609), 8.49363398551941)
Day:1 
(1, 15, 100, -4358.91486172572, 10931404.0, (0.4553975494355885, 4.548707034676791, 3.4488248315010814, 5.943900145065609), 8.523912906646729)
Day:1 
(1, 16, 100, -4357.320653815766, 10920882.0, (0.4553975494355885, 4.548707034676791, 3.4488248315010814, 5.943900145065609), 8.529607057571411)
Day:1 
(1, 17, 100, -4333.713831538506, 11003936.0, (0.4553975494355885, 4.548707034676791, 3.4488248315010814, 5.943900145065609), 8.76629900932312)
Day:1 
(1, 18, 100, -4327.079688948461, 11156745.0, (0.4553975494355885, 4.548707034676791, 3.4488248315010814, 5.943900145065609), 8.56000804901123)
Day:1 
(1, 19, 100, -4326.705952903158, 10986481.0, (0.4553975494355885, 4.548707034676791, 3.4488248315010814, 5.943900145065609), 8.580189943313599)
Day:1 
(1, 20, 100, -4306.187623995422, 10913546.0, (0.4553975494355885, 4.548707034676791, 3.4488248315010814, 5.943900145065609), 8.592026948928833)
Day:1 
(1, 21, 100, -4306.492396976215, 10887314.0, (0.4553975494355885, 4.548707034676791, 3.4488248315010814, 5.943900145065609), 8.599616050720215)
Day:1 
(1, 22, 100, -4308.1192711631775, 12613002.0, (0.4553975494355885, 4.548707034676791, 3.4488248315010814, 5.943900145065609), 8.59779405593872)
Day:1 
(1, 23, 100, -4292.635133245727, 11269251.0, (0.4553975494355885, 4.548707034676791, 3.4488248315010814, 5.943900145065609), 8.595898866653442)
Day:1 
(1, 24, 100, -4294.117617457349, 10891966.0, (0.4553975494355885, 4.548707034676791, 3.4488248315010814, 5.943900145065609), 8.92806100845337)
Day:1 
(1, 25, 100, -4295.1595840588325, 10877636.0, (0.4553975494355885, 4.548707034676791, 3.4488248315010814, 5.943900145065609), 8.616237163543701)
Day:1 
(1, 26, 100, -4291.211540047825, 10950639.0, (0.4553975494355885, 4.548707034676791, 3.4488248315010814, 5.943900145065609), 8.605806827545166)
Day:1 
(1, 27, 100, -4292.223295997919, 11654084.0, (0.4553975494355885, 4.548707034676791, 3.4488248315010814, 5.943900145065609), 8.615366220474243)
Day:1 
(1, 28, 100, -4289.443681000925, 10905497.0, (0.4553975494355885, 4.548707034676791, 3.4488248315010814, 5.943900145065609), 8.769112825393677)
Day:1 
(1, 29, 100, -4289.538505802029, 11257770.0, (0.4553975494355885, 4.548707034676791, 3.4488248315010814, 5.943900145065609), 8.61902403831482)
Day:1 
(1, 30, 100, -4288.5654156571245, 10866757.0, (0.4553975494355885, 4.548707034676791, 3.4488248315010814, 5.943900145065609), 8.620280027389526)
Day:1 
(1, 31, 100, -4289.173188660996, 11346267.0, (0.4553975494355885, 4.548707034676791, 3.4488248315010814, 5.943900145065609), 8.6007080078125)
Day:1 
(1, 32, 100, -4287.160163724438, 12040809.0, (0.4553975494355885, 4.548707034676791, 3.4488248315010814, 5.943900145065609), 8.613372087478638)
Day:1 
(1, 33, 100, -4239.7881275852205, 10811816.0, (0.4553975494355885, 4.548707034676791, 3.4488248315010814, 5.943900145065609), 8.634292840957642)
Day:1 
(1, 34, 100, -4239.585705857129, 10758980.0, (0.4553975494355885, 4.548707034676791, 3.4488248315010814, 5.943900145065609), 8.650266170501709)
Day:1 
(1, 35, 100, -4239.567184209349, 10765085.0, (0.4553975494355885, 4.548707034676791, 3.4488248315010814, 5.943900145065609), 8.67670488357544)
Day:1 
(1, 36, 100, -4239.1096934696225, 10885033.0, (0.4553975494355885, 4.548707034676791, 3.4488248315010814, 5.943900145065609), 8.672938108444214)
Day:1 
(1, 37, 100, -4237.715681227764, 10756691.0, (0.4553975494355885, 4.548707034676791, 3.4488248315010814, 5.943900145065609), 8.691165924072266)
Day:1 
(1, 38, 100, -4237.674950890722, 10938827.0, (0.4553975494355885, 4.548707034676791, 3.4488248315010814, 5.943900145065609), 8.864187002182007)
Day:1 
(1, 39, 100, -4238.095114229193, 10906075.0, (0.4553975494355885, 4.548707034676791, 3.4488248315010814, 5.943900145065609), 8.787625074386597)
Day:1 
(1, 40, 100, -4232.72307427603, 10765062.0, (0.4553975494355885, 4.548707034676791, 3.4488248315010814, 5.943900145065609), 8.688381910324097)
Day:1 
(1, 41, 100, -4232.866287183463, 11300450.0, (0.4553975494355885, 4.548707034676791, 3.4488248315010814, 5.943900145065609), 8.681835889816284)
Day:1 
(1, 42, 100, -4232.582720119796, 11660711.0, (0.4553975494355885, 4.548707034676791, 3.4488248315010814, 5.943900145065609), 8.674960136413574)
Day:1 
(1, 43, 100, -4228.741578183821, 11198602.0, (0.4553975494355885, 4.548707034676791, 3.4488248315010814, 5.943900145065609), 8.682959079742432)
Day:1 
(1, 44, 100, -4229.2733689356855, 11442558.0, (0.4553975494355885, 4.548707034676791, 3.4488248315010814, 5.943900145065609), 8.713878870010376)
Day:1 
(1, 45, 100, -4226.399532919561, 10744382.0, (0.4553975494355885, 4.548707034676791, 3.4488248315010814, 5.943900145065609), 8.719078063964844)
Day:1 
(1, 46, 100, -4224.048130390357, 10750994.0, (0.4553975494355885, 4.548707034676791, 3.4488248315010814, 5.943900145065609), 8.728715896606445)
Day:1 
(1, 47, 100, -4224.817428730234, 11331093.0, (0.4553975494355885, 4.548707034676791, 3.4488248315010814, 5.943900145065609), 8.717741966247559)
Day:1 
(1, 48, 100, -4222.045322241609, 11862863.0, (0.4553975494355885, 4.548707034676791, 3.4488248315010814, 5.943900145065609), 8.717787027359009)
Day:1 
(1, 49, 100, -4221.327048214603, 11263723.0, (0.4553975494355885, 4.548707034676791, 3.4488248315010814, 5.943900145065609), 8.716493129730225)
Day:1 
(1, 50, 100, -4219.998537490606, 10835860.0, (0.4553975494355885, 4.548707034676791, 3.4488248315010814, 5.943900145065609), 8.757699966430664)
Day:1 
(1, 51, 100, -4188.490156111317, 12473252.0, (0.4553975494355885, 4.548707034676791, 3.4488248315010814, 5.943900145065609), 8.76752495765686)
Day:1 
(1, 52, 100, -4186.323810095211, 10730910.0, (0.4553975494355885, 4.548707034676791, 3.4488248315010814, 5.943900145065609), 8.76062798500061)
Day:1 
(1, 53, 100, -4181.148514948238, 10740697.0, (0.4553975494355885, 4.548707034676791, 3.4488248315010814, 5.943900145065609), 8.932548999786377)
Day:1 
(1, 54, 100, -4182.354143742577, 11510853.0, (0.4553975494355885, 4.548707034676791, 3.4488248315010814, 5.943900145065609), 8.943946123123169)
Day:1 
(1, 55, 100, -4180.535598001969, 10934992.0, (0.4553975494355885, 4.548707034676791, 3.4488248315010814, 5.943900145065609), 8.765661001205444)
Day:1 
(1, 56, 100, -4180.600992134699, 10745760.0, (0.4553975494355885, 4.548707034676791, 3.4488248315010814, 5.943900145065609), 8.772511959075928)
Day:1 
(1, 57, 100, -4180.513390216157, 11048817.0, (0.4553975494355885, 4.548707034676791, 3.4488248315010814, 5.943900145065609), 8.797469854354858)
Day:1 
(1, 58, 100, -4188.993082429914, 12977663.0, (0.4553975494355885, 4.548707034676791, 3.4488248315010814, 5.943900145065609), 8.784794092178345)
Day:1 
(1, 59, 100, -4177.056162034383, 11070762.0, (0.4553975494355885, 4.548707034676791, 3.4488248315010814, 5.943900145065609), 8.771661043167114)
Day:1 
(1, 60, 100, -4177.166774458113, 11922671.0, (0.4553975494355885, 4.548707034676791, 3.4488248315010814, 5.943900145065609), 8.772251844406128)
Day:1 
(1, 61, 100, -4175.448977759484, 10760397.0, (0.4553975494355885, 4.548707034676791, 3.4488248315010814, 5.943900145065609), 8.846366167068481)
Day:1 
(1, 62, 100, -4174.523039915091, 10636001.0, (0.4553975494355885, 4.548707034676791, 3.4488248315010814, 5.943900145065609), 8.757664918899536)
Day:1 
(1, 63, 100, -4181.645427999232, 12506624.0, (0.4553975494355885, 4.548707034676791, 3.4488248315010814, 5.943900145065609), 8.721749067306519)
Day:1 
(1, 64, 100, -4179.315574026645, 10643264.0, (0.4553975494355885, 4.548707034676791, 3.4488248315010814, 5.943900145065609), 8.752035856246948)
Day:1 
(1, 65, 100, -4162.26925676184, 11855857.0, (0.4553975494355885, 4.548707034676791, 3.4488248315010814, 5.943900145065609), 8.754670143127441)
Day:1 
(1, 66, 100, -4160.68881627465, 11438883.0, (0.4553975494355885, 4.548707034676791, 3.4488248315010814, 5.943900145065609), 8.77451205253601)
Day:1 
(1, 67, 100, -4160.014005005057, 10603228.0, (0.4553975494355885, 4.548707034676791, 3.4488248315010814, 5.943900145065609), 8.790932893753052)
Day:1 
(1, 68, 100, -4155.964155341379, 10594139.0, (0.4553975494355885, 4.548707034676791, 3.4488248315010814, 5.943900145065609), 8.807169914245605)
Day:1 
(1, 69, 100, -4156.820345864885, 10666177.0, (0.4553975494355885, 4.548707034676791, 3.4488248315010814, 5.943900145065609), 8.973695039749146)
Day:1 
(1, 70, 100, -4157.112812996424, 10639797.0, (0.4553975494355885, 4.548707034676791, 3.4488248315010814, 5.943900145065609), 8.785177946090698)
Day:1 
(1, 71, 100, -4157.411010204504, 11355664.0, (0.4553975494355885, 4.548707034676791, 3.4488248315010814, 5.943900145065609), 8.810819149017334)
Day:1 
(1, 72, 100, -4148.938677263303, 11320744.0, (0.4553975494355885, 4.548707034676791, 3.4488248315010814, 5.943900145065609), 8.80233907699585)
Day:1 
(1, 73, 100, -4150.093125606863, 10849383.0, (0.4553975494355885, 4.548707034676791, 3.4488248315010814, 5.943900145065609), 8.799603939056396)
Day:1 
(1, 74, 100, -4148.176431823681, 10672502.0, (0.4553975494355885, 4.548707034676791, 3.4488248315010814, 5.943900145065609), 8.81171989440918)
Day:1 
(1, 75, 100, -4142.476783960032, 10669434.0, (0.4553975494355885, 4.548707034676791, 3.4488248315010814, 5.943900145065609), 8.793430089950562)
Day:1 
(1, 76, 100, -4140.831519873363, 10895411.0, (0.4553975494355885, 4.548707034676791, 3.4488248315010814, 5.943900145065609), 8.815015077590942)
Day:1 
(1, 77, 100, -4138.023625757735, 11210167.0, (0.4553975494355885, 4.548707034676791, 3.4488248315010814, 5.943900145065609), 8.807904958724976)
Day:1 
(1, 78, 100, -4139.869871094381, 11606872.0, (0.4553975494355885, 4.548707034676791, 3.4488248315010814, 5.943900145065609), 8.816084861755371)
Day:1 
(1, 79, 100, -4138.297832337645, 10635930.0, (0.4553975494355885, 4.548707034676791, 3.4488248315010814, 5.943900145065609), 9.140599012374878)
Day:1 
(1, 80, 100, -4137.620859909833, 10612274.0, (0.4553975494355885, 4.548707034676791, 3.4488248315010814, 5.943900145065609), 8.801758050918579)
Day:1 
(1, 81, 100, -4137.917457439279, 10630071.0, (0.4553975494355885, 4.548707034676791, 3.4488248315010814, 5.943900145065609), 8.843832969665527)
Day:1 
(1, 82, 100, -4139.525062052652, 11033309.0, (0.4553975494355885, 4.548707034676791, 3.4488248315010814, 5.943900145065609), 8.842309951782227)
Day:1 
(1, 83, 100, -4137.47407952241, 10603917.0, (0.4553975494355885, 4.548707034676791, 3.4488248315010814, 5.943900145065609), 8.867774963378906)
Day:1 
(1, 84, 100, -4139.266627603827, 11725676.0, (0.4553975494355885, 4.548707034676791, 3.4488248315010814, 5.943900145065609), 8.858872175216675)
Day:1 
(1, 85, 100, -4137.688967517725, 10767131.0, (0.4553975494355885, 4.548707034676791, 3.4488248315010814, 5.943900145065609), 8.892339944839478)
Day:1 
(1, 86, 100, -4137.3475679554995, 10720500.0, (0.4553975494355885, 4.548707034676791, 3.4488248315010814, 5.943900145065609), 8.874568939208984)
Day:1 
(1, 87, 100, -4137.283725943236, 10675953.0, (0.4553975494355885, 4.548707034676791, 3.4488248315010814, 5.943900145065609), 9.081238985061646)
Day:1 
(1, 88, 100, -4137.7199846686935, 11412772.0, (0.4553975494355885, 4.548707034676791, 3.4488248315010814, 5.943900145065609), 8.9288170337677)
Day:1 
(1, 89, 100, -4138.039863377668, 10600396.0, (0.4553975494355885, 4.548707034676791, 3.4488248315010814, 5.943900145065609), 9.00116515159607)
Day:1 
(1, 90, 100, -4138.2930715106895, 11023275.0, (0.4553975494355885, 4.548707034676791, 3.4488248315010814, 5.943900145065609), 9.004701852798462)
Day:1 
(1, 91, 100, -4139.450760436114, 10578651.0, (0.4553975494355885, 4.548707034676791, 3.4488248315010814, 5.943900145065609), 8.90146803855896)
Day:1 
(1, 92, 100, -4139.665684663991, 10795595.0, (0.4553975494355885, 4.548707034676791, 3.4488248315010814, 5.943900145065609), 8.893205881118774)
Day:1 
(1, 93, 100, -4139.286972065144, 11976583.0, (0.4553975494355885, 4.548707034676791, 3.4488248315010814, 5.943900145065609), 8.897149085998535)
Day:1 
(1, 94, 100, -4137.82065955513, 10578668.0, (0.4553975494355885, 4.548707034676791, 3.4488248315010814, 5.943900145065609), 8.910654067993164)
Day:1 
(1, 95, 100, -4142.912286952971, 10940485.0, (0.4553975494355885, 4.548707034676791, 3.4488248315010814, 5.943900145065609), 8.855141878128052)
Day:1 
(1, 96, 100, -4146.226685346558, 10938377.0, (0.4553975494355885, 4.548707034676791, 3.4488248315010814, 5.943900145065609), 8.83352518081665)
Day:1 
(1, 97, 100, -4142.661687925718, 11564460.0, (0.4553975494355885, 4.548707034676791, 3.4488248315010814, 5.943900145065609), 9.01907992362976)
Day:1 
(1, 98, 100, -4142.224572541876, 11361199.0, (0.4553975494355885, 4.548707034676791, 3.4488248315010814, 5.943900145065609), 8.862648963928223)
Day:1 
(1, 99, 100, -4141.823111077036, 11109372.0, (0.4553975494355885, 4.548707034676791, 3.4488248315010814, 5.943900145065609), 8.878915071487427)
Day:1 
(1, 100, 100, -4143.745653555341, 11552234.0, (0.4553975494355885, 4.548707034676791, 3.4488248315010814, 5.943900145065609), 9.233325004577637)
Day:2 
(2, 0, 100, -2341750.0798799247, 857550085535.0, (0.4553975494355885, 4.548707034676791, 3.4488248315010814, 5.943900145065609), 17.59825587272644)
Day:2 
(2, 1, 100, -1197784.6285476561, 526052816258.0, (2.397462710589915, 4.548707034676791, 3.4488248315010814, 5.943900145065609), 318.6226661205292)
Day:2 
(2, 2, 100, -1197549.2679066837, 526050986580.0, (2.397462710589915, 4.548707034676791, 3.4488248315010814, 5.943900145065609), 325.3433048725128)
Day:2 
(2, 3, 100, -737055.7345299621, 72841842840.0, (2.397462710589915, 7.0266891179362885, 3.4488248315010814, 5.943900145065609), 298.3777060508728)
Day:2 
(2, 4, 100, -517729.5670784472, 30935108948.0, (2.397462710589915, 6.790248711495494, 9.6234404788103, 5.943900145065609), 314.56200408935547)
Day:2 
(2, 5, 100, -316325.15122865525, 52236135423.0, (2.397462710589915, 3.0730087971251403, 9.6234404788103, 5.943900145065609), 319.67208790779114)
Day:2 
(2, 6, 100, -298859.7765023928, 53900576905.0, (2.8701901338564, 3.0730087971251403, 9.6234404788103, 5.943900145065609), 312.8204610347748)
Day:2 
(2, 7, 100, -282771.69659511, 51821873419.0, (2.8701901338564, 3.0730087971251403, 9.379906133086818, 5.943900145065609), 330.304486989975)
Day:2 
(2, 8, 100, -282462.5152246544, 51777290326.0, (2.8701901338564, 3.0730087971251403, 9.379906133086818, 5.943900145065609), 345.46741104125977)
Day:2 
(2, 9, 100, -275919.9769003596, 54606548526.0, (3.1977480964389495, 3.0730087971251403, 9.379906133086818, 5.943900145065609), 318.1349549293518)
Day:2 
(2, 10, 100, -209269.93616881993, 43036907772.0, (3.783498250874925, 3.0730087971251403, 6.768033371634875, 5.943900145065609), 302.7079269886017)
Day:2 
(2, 11, 100, -209202.36060328947, 43035584865.0, (3.783498250874925, 3.0730087971251403, 6.768033371634875, 5.943900145065609), 350.80974197387695)
Day:2 
(2, 12, 100, -208503.09974187575, 42948912924.0, (3.783498250874925, 3.0730087971251403, 6.768033371634875, 5.943900145065609), 321.78246998786926)
Day:2 
(2, 13, 100, -208343.31920359202, 42948953174.0, (3.783498250874925, 3.0730087971251403, 6.768033371634875, 5.943900145065609), 321.28986716270447)
Day:2 
(2, 14, 100, -160715.4143237321, 31032738515.0, (3.783498250874925, 3.5345950636515804, 6.768033371634875, 5.943900145065609), 314.11699295043945)
Day:2 
(2, 15, 100, -160651.52893547123, 31032734133.0, (3.783498250874925, 3.5345950636515804, 6.768033371634875, 5.943900145065609), 339.1720449924469)
Day:2 
(2, 16, 100, -160536.0320667681, 31032231028.0, (3.783498250874925, 3.5345950636515804, 6.768033371634875, 5.943900145065609), 353.59013295173645)
Day:2 
(2, 17, 100, -160448.89570869957, 31032223169.0, (3.783498250874925, 3.5345950636515804, 6.768033371634875, 5.943900145065609), 326.68729305267334)
Day:2 
(2, 18, 100, -148642.8979670571, 15549922366.0, (3.783498250874925, 4.668838172057735, 6.768033371634875, 5.943900145065609), 337.17621898651123)
Day:2 
(2, 19, 100, -148469.09941562556, 15549818286.0, (3.783498250874925, 4.668838172057735, 6.768033371634875, 5.943900145065609), 351.06495809555054)
Day:2 
(2, 20, 100, -138700.49930244373, 17076562721.0, (3.2565633098235423, 4.668838172057735, 6.768033371634875, 5.943900145065609), 312.90472197532654)
Day:2 
(2, 21, 100, -138520.9334355246, 17076369421.0, (3.2565633098235423, 4.668838172057735, 6.768033371634875, 5.943900145065609), 352.724182844162)
Day:2 
(2, 22, 100, -138166.94471080578, 17072904936.0, (3.2565633098235423, 4.668838172057735, 6.768033371634875, 5.943900145065609), 349.40696716308594)
Day:2 
(2, 23, 100, -138030.80787689742, 17072723946.0, (3.2565633098235423, 4.668838172057735, 6.768033371634875, 5.943900145065609), 320.17213797569275)
Day:2 
(2, 24, 100, -137935.52513634463, 17070519558.0, (3.2565633098235423, 4.668838172057735, 6.768033371634875, 5.943900145065609), 349.26520586013794)
Day:2 
(2, 25, 100, -137839.28726126786, 17071189320.0, (3.2565633098235423, 4.668838172057735, 6.768033371634875, 5.943900145065609), 336.4298269748688)
Day:2 
(2, 26, 100, -137467.2300244623, 17012808204.0, (3.2565633098235423, 4.668838172057735, 6.768033371634875, 5.943900145065609), 351.5677721500397)
Day:2 
(2, 27, 100, -137206.72659848744, 16999380194.0, (3.2565633098235423, 4.668838172057735, 6.768033371634875, 5.943900145065609), 302.29584288597107)
Day:2 
(2, 28, 100, -137095.47843640755, 16999219772.0, (3.2565633098235423, 4.668838172057735, 6.768033371634875, 5.943900145065609), 350.8320391178131)
Day:2 
(2, 29, 100, -137060.97626370366, 16999211050.0, (3.2565633098235423, 4.668838172057735, 6.768033371634875, 5.943900145065609), 326.07554292678833)
Day:2 
(2, 30, 100, -136950.81714323914, 16999186629.0, (3.2565633098235423, 4.668838172057735, 6.768033371634875, 5.943900145065609), 343.3907001018524)
Day:2 
(2, 31, 100, -136911.5841822732, 16999199308.0, (3.2565633098235423, 4.668838172057735, 6.768033371634875, 5.943900145065609), 306.33269000053406)
Day:2 
(2, 32, 100, -136569.05556324954, 16954928207.0, (3.2565633098235423, 4.668838172057735, 6.768033371634875, 5.943900145065609), 326.83596682548523)
Day:2 
(2, 33, 100, -136290.6145820533, 16939073259.0, (3.2565633098235423, 4.668838172057735, 6.768033371634875, 5.943900145065609), 352.1216621398926)
Day:2 
(2, 34, 100, -136212.07401119164, 16939046492.0, (3.2565633098235423, 4.668838172057735, 6.768033371634875, 5.943900145065609), 352.2042589187622)
Day:2 
(2, 35, 100, -136166.69461622415, 16938987581.0, (3.2565633098235423, 4.668838172057735, 6.768033371634875, 5.943900145065609), 351.7268979549408)
Day:2 
(2, 36, 100, -136057.3266268438, 16938576416.0, (3.2565633098235423, 4.668838172057735, 6.768033371634875, 5.943900145065609), 313.32642102241516)
Day:2 
(2, 37, 100, -135938.81244296918, 16938580910.0, (3.2565633098235423, 4.668838172057735, 6.768033371634875, 5.943900145065609), 328.5186290740967)
Day:2 
(2, 38, 100, -135693.18901286807, 16894755199.0, (3.2565633098235423, 4.668838172057735, 6.768033371634875, 5.943900145065609), 318.5539689064026)
Day:2 
(2, 39, 100, -130607.5788798697, 19032251070.0, (3.2565633098235423, 4.668838172057735, 6.768033371634875, 6.108270339393178), 302.0507800579071)
Day:2 
(2, 40, 100, -130088.04547381564, 18958232488.0, (3.2565633098235423, 4.668838172057735, 6.768033371634875, 6.108270339393178), 345.39071893692017)
Day:2 
(2, 41, 100, -129987.03718708544, 18958208384.0, (3.2565633098235423, 4.668838172057735, 6.768033371634875, 6.108270339393178), 347.8701391220093)
Day:2 
(2, 42, 100, -129841.99882733109, 18958182850.0, (3.2565633098235423, 4.668838172057735, 6.768033371634875, 6.108270339393178), 314.1564419269562)
Day:2 
(2, 43, 100, -129177.91064577589, 18854235811.0, (3.2565633098235423, 4.668838172057735, 6.768033371634875, 6.108270339393178), 343.6953020095825)
Day:2 
(2, 44, 100, -128895.11199981805, 18847942165.0, (3.2565633098235423, 4.668838172057735, 6.768033371634875, 6.108270339393178), 327.7138750553131)
Day:2 
(2, 45, 100, -128753.03971055234, 18842345183.0, (3.2565633098235423, 4.668838172057735, 6.768033371634875, 6.108270339393178), 331.970978975296)
Day:2 
(2, 46, 100, -128628.97965558, 18842307031.0, (3.2565633098235423, 4.668838172057735, 6.768033371634875, 6.108270339393178), 356.3275740146637)
Day:2 
(2, 47, 100, -128567.98742582646, 18842232991.0, (3.2565633098235423, 4.668838172057735, 6.768033371634875, 6.108270339393178), 371.3284409046173)
Day:2 
(2, 48, 100, -128479.30947979042, 18838005957.0, (3.2565633098235423, 4.668838172057735, 6.768033371634875, 6.108270339393178), 353.9027531147003)
Day:2 
(2, 49, 100, -122673.9198735407, 16141792385.0, (3.6812133361875445, 4.668838172057735, 6.768033371634875, 6.108270339393178), 342.402058839798)
Day:2 
(2, 50, 100, -122520.26901901432, 16141991848.0, (3.6812133361875445, 4.668838172057735, 6.768033371634875, 6.108270339393178), 355.30166721343994)
Day:2 
(2, 51, 100, -122310.73701757775, 16142076711.0, (3.6812133361875445, 4.668838172057735, 6.768033371634875, 6.108270339393178), 359.84216690063477)
Day:2 
(2, 52, 100, -122175.96076346576, 16141971906.0, (3.6812133361875445, 4.668838172057735, 6.768033371634875, 6.108270339393178), 332.26962304115295)
Day:2 
(2, 53, 100, -121957.11419998395, 16128985329.0, (3.6812133361875445, 4.668838172057735, 6.768033371634875, 6.108270339393178), 354.2531809806824)
Day:2 
(2, 54, 100, -121757.53615827477, 16128855043.0, (3.6812133361875445, 4.668838172057735, 6.768033371634875, 6.108270339393178), 359.382691860199)
Day:2 
(2, 55, 100, -121470.05295278327, 16091238151.0, (3.6812133361875445, 4.668838172057735, 6.768033371634875, 6.108270339393178), 359.0650510787964)
Day:2 
(2, 56, 100, -121413.87624006117, 16091203608.0, (3.6812133361875445, 4.668838172057735, 6.768033371634875, 6.108270339393178), 336.1650941371918)
Day:2 
(2, 57, 100, -121251.35478354942, 16090784397.0, (3.6812133361875445, 4.668838172057735, 6.768033371634875, 6.108270339393178), 345.6373918056488)
Day:2 
(2, 58, 100, -121018.06976136913, 16068249925.0, (3.6812133361875445, 4.668838172057735, 6.768033371634875, 6.108270339393178), 354.3683819770813)
Day:2 
(2, 59, 100, -120942.84851370889, 16068080704.0, (3.6812133361875445, 4.668838172057735, 6.768033371634875, 6.108270339393178), 357.1168169975281)
Day:2 
(2, 60, 100, -120895.25234118417, 16068073827.0, (3.6812133361875445, 4.668838172057735, 6.768033371634875, 6.108270339393178), 343.5171730518341)
Day:2 
(2, 61, 100, -120771.82349017556, 16060381851.0, (3.6812133361875445, 4.668838172057735, 6.768033371634875, 6.108270339393178), 343.7324481010437)
Day:2 
(2, 62, 100, -120706.49930427704, 16060354591.0, (3.6812133361875445, 4.668838172057735, 6.768033371634875, 6.108270339393178), 365.4929008483887)
Day:2 
(2, 63, 100, -120603.02246198677, 16060339231.0, (3.6812133361875445, 4.668838172057735, 6.768033371634875, 6.108270339393178), 373.22401118278503)
Day:2 
(2, 64, 100, -120520.79717464419, 16060282112.0, (3.6812133361875445, 4.668838172057735, 6.768033371634875, 6.108270339393178), 359.5668659210205)
Day:2 
(2, 65, 100, -120459.7016207884, 16060326758.0, (3.6812133361875445, 4.668838172057735, 6.768033371634875, 6.108270339393178), 343.4556670188904)
Day:2 
(2, 66, 100, -120343.34982326858, 16054827975.0, (3.6812133361875445, 4.668838172057735, 6.768033371634875, 6.108270339393178), 360.7741320133209)
Day:2 
(2, 67, 100, -120237.36420137374, 16054758014.0, (3.6812133361875445, 4.668838172057735, 6.768033371634875, 6.108270339393178), 375.72525787353516)
Day:2 
(2, 68, 100, -120054.18426813176, 16014457098.0, (3.6812133361875445, 4.668838172057735, 6.768033371634875, 6.108270339393178), 375.40772819519043)
Day:2 
(2, 69, 100, -119948.8204799743, 16011000384.0, (3.6812133361875445, 4.668838172057735, 6.768033371634875, 6.108270339393178), 374.91095900535583)
Day:2 
(2, 70, 100, -119496.42989736659, 16346106433.0, (3.6812133361875445, 4.668838172057735, 6.768033371634875, 6.146314828811867), 350.5845868587494)
Day:2 
(2, 71, 100, -119446.13990441196, 16345975870.0, (3.6812133361875445, 4.668838172057735, 6.768033371634875, 6.146314828811867), 363.3222961425781)
Day:2 
(2, 72, 100, -119219.58874416394, 16341889543.0, (3.6812133361875445, 4.668838172057735, 6.768033371634875, 6.146314828811867), 368.2440609931946)
Day:2 
(2, 73, 100, -118882.05333205163, 16274232426.0, (3.6812133361875445, 4.668838172057735, 6.768033371634875, 6.146314828811867), 371.06639099121094)
Day:2 
(2, 74, 100, -118719.39088553425, 16274252084.0, (3.6812133361875445, 4.668838172057735, 6.768033371634875, 6.146314828811867), 385.0677418708801)
Day:2 
(2, 75, 100, -118594.59606840211, 16274180755.0, (3.6812133361875445, 4.668838172057735, 6.768033371634875, 6.146314828811867), 380.3627030849457)
Day:2 
(2, 76, 100, -118467.96833217147, 16274098778.0, (3.6812133361875445, 4.668838172057735, 6.768033371634875, 6.146314828811867), 378.8563070297241)
Day:2 
(2, 77, 100, -118373.32398722079, 16274074308.0, (3.6812133361875445, 4.668838172057735, 6.768033371634875, 6.146314828811867), 401.48239302635193)
Day:2 
(2, 78, 100, -118326.5301751511, 16274065955.0, (3.6812133361875445, 4.668838172057735, 6.768033371634875, 6.146314828811867), 429.3511710166931)
Day:2 
(2, 79, 100, -118253.65275494903, 16273660555.0, (3.6812133361875445, 4.668838172057735, 6.768033371634875, 6.146314828811867), 409.7485249042511)
Day:2 
(2, 80, 100, -118150.53208493245, 16272696272.0, (3.6812133361875445, 4.668838172057735, 6.768033371634875, 6.146314828811867), 387.24749994277954)
Day:2 
(2, 81, 100, -118032.17110523564, 16273070636.0, (3.6812133361875445, 4.668838172057735, 6.768033371634875, 6.146314828811867), 382.7347249984741)
Day:2 
(2, 82, 100, -117905.11837736436, 16271756032.0, (3.6812133361875445, 4.668838172057735, 6.768033371634875, 6.146314828811867), 393.4882960319519)
Day:2 
(2, 83, 100, -117798.16323443063, 16269521254.0, (3.6812133361875445, 4.668838172057735, 6.768033371634875, 6.146314828811867), 397.3048620223999)
Day:2 
(2, 84, 100, -117618.90879328451, 16251520085.0, (3.6812133361875445, 4.668838172057735, 6.768033371634875, 6.146314828811867), 397.8928999900818)
Day:2 
(2, 85, 100, -117571.62093205858, 16251476593.0, (3.6812133361875445, 4.668838172057735, 6.768033371634875, 6.146314828811867), 398.29298400878906)
Day:2 
(2, 86, 100, -117537.61410696711, 16251487993.0, (3.6812133361875445, 4.668838172057735, 6.768033371634875, 6.146314828811867), 387.3265769481659)
Day:2 
(2, 87, 100, -117445.17362772551, 16241749640.0, (3.6812133361875445, 4.668838172057735, 6.768033371634875, 6.146314828811867), 380.3620591163635)