
Day:1 
(1, 0, 100, -5142.730394428032, 1646646.0, (7.748591548045706, 22.789943875474474, 58.95145456760844, 9.258273501045299), 4.171916961669922)
Day:1 
(1, 1, 100, -26.293810425223306, 441.0, (7.748591548045706, 1.9260643645746072, 1.789711502153634, 9.258273501045299), 7.717778921127319)
Day:1 
(1, 2, 100, -28.381644221333126, 144.0, (3.935111240739786, 1.9260643645746072, 33.82527332235008, 8.981580530931026), 7.7242021560668945)
Day:1 
(1, 3, 100, -26.095515845345876, 289.0, (7.381758931517009, 0.3162399895937445, 0.28946824403522053, 37.580356461829105), 7.307150840759277)
Day:1 
(1, 4, 100, -29.41517105256193, 1369.0, (3.5010112379861673, 1.973318443903793, 6.297711497007252, 37.580356461829105), 7.361560106277466)
Day:1 
(1, 5, 100, -30.881711245673078, 196.0, (10.949604329853523, 1.9793163144327124, 22.06533830458828, 41.495386142418305), 7.494513988494873)
Day:1 
(1, 6, 100, -28.078253626628868, 441.0, (0.6137452085473482, 3.895929348709457, 5.317010975959655, 41.495386142418305), 7.527519941329956)
Day:1 
(1, 7, 100, -27.991924359848007, 900.0, (0.16171685287136975, 1.0955305777732887, 14.512546861263758, 41.495386142418305), 7.44914698600769)
Day:1 
(1, 8, 100, -27.298878731987962, 196.0, (6.201233592369302, 1.5806682803481384, 0.5426825523472453, 41.495386142418305), 7.448350191116333)
Day:1 
(1, 9, 100, -32.723227209295594, 484.0, (38.5138912215504, 3.5304197579523784, 11.947585627092218, 41.495386142418305), 7.697629928588867)
Day:1 
(1, 10, 100, -31.968449440680946, 324.0, (13.407028234363363, 35.67924453962297, 1.3887782126095123, 41.495386142418305), 7.583086967468262)
Day:1 
(1, 11, 100, -28.72712457512731, 0.0, (8.116019596668671, 11.980782942347806, 0.40979065045538554, 41.495386142418305), 7.46924901008606)
Day:1 
(1, 12, 100, -28.79701143995369, 225.0, (2.1301336610225636, 2.0472993655263028, 11.291754078149447, 41.495386142418305), 7.720454931259155)
Day:1 
(1, 13, 100, -23.742765221324465, 1444.0, (0.3025603108845322, 0.6614560519737603, 0.05634537516098469, 20.309637379416785), 7.358919143676758)
Day:1 
(1, 14, 100, -25.516044546706595, 1369.0, (2.902002324143576, 1.9033914657684894, 0.05634537516098469, 20.309637379416785), 7.723925828933716)
Day:1 
(1, 15, 100, -30.557739192589526, 676.0, (1.0132065810601467, 30.598066133894775, 15.711347637446154, 20.309637379416785), 7.839682102203369)
Day:1 
(1, 16, 100, -27.936823846006583, 0.0, (7.979134660861441, 12.102115624500158, 1.2449548094800353, 20.754974093345147), 7.613609075546265)
Day:1 
(1, 17, 100, -27.11962199664026, 484.0, (11.22629669731168, 3.6178754790694745, 0.8104714088772935, 15.770659791644587), 7.514178991317749)
Day:1 
(1, 18, 100, -25.41903909796308, 144.0, (1.7454933826683323, 3.4346961141568637, 0.9542784918274655, 15.770659791644587), 7.642119884490967)
Day:1 
(1, 19, 100, -26.42426664915799, 256.0, (1.7454933826683323, 3.446912010365395, 4.226579872871177, 15.770659791644587), 7.624133110046387)
Day:1 
(1, 20, 100, -25.69928719104574, 225.0, (2.090853211105643, 3.446912010365395, 1.154715275614917, 15.770659791644587), 8.065692901611328)
Day:1 
(1, 21, 100, -26.676832665406, 25.0, (3.199237664947661, 3.446912010365395, 4.3639678733227445, 16.73222163193746), 7.429332971572876)
Day:1 
(1, 22, 100, -28.496092800230212, 1936.0, (0.15391895187058355, 4.366996236526846, 17.41347119292776, 16.73222163193746), 7.55318808555603)
Day:1 
(1, 23, 100, -25.88849498768426, 169.0, (0.0016040118332797696, 4.366996236526846, 37.51789882873307, 18.242208125407075), 7.939137935638428)
Day:1 
(1, 24, 100, -30.86152774649407, 1.0, (6.034105882404709, 17.10736230883782, 28.497417294583272, 18.242208125407075), 7.487952947616577)
Day:1 
(1, 25, 100, -29.09245732336018, 400.0, (3.035516521890697, 6.9470701336027165, 28.497417294583272, 8.858619940378652), 7.715023994445801)
Day:1 
(1, 26, 100, -26.149317076490842, 529.0, (0.4430396965114961, 6.9470701336027165, 6.24764258106172, 8.858619940378652), 7.702138185501099)
Day:1 
(1, 27, 100, -23.017812221259216, 961.0, (0.3099351217685942, 0.02326463773207416, 0.16956478742087247, 34.46438268808375), 7.896765947341919)
Day:1 
(1, 28, 100, -30.524202290974724, 16.0, (19.192070870105407, 22.153627030003275, 0.9089797892661222, 34.46438268808375), 7.820389986038208)
Day:1 
(1, 29, 100, -29.01984050857691, 4225.0, (0.00020049140675645533, 11.230156981355801, 14.117890255283376, 34.46438268808375), 7.602786064147949)
Day:1 
(1, 30, 100, -27.586572037551818, 49.0, (10.56339986853177, 2.255150917812045, 9.426978626564821, 11.083438535397272), 7.817933797836304)
Day:1 
(1, 31, 100, -27.591874354882265, 16.0, (4.284362201024316, 11.369025011286299, 4.456478329070577, 11.083438535397272), 7.702041149139404)
Day:1 
(1, 32, 100, -30.10165531658606, 324.0, (4.284362201024316, 11.369025011286299, 31.61948027341276, 11.083438535397272), 8.24083399772644)
Day:1 
(1, 33, 100, -33.93228810316661, 5.0, (7.409496614384392, 11.369025011286299, 31.61948027341276, 11.083438535397272), 8.276120901107788)
Day:1 
(1, 34, 100, -31.10276678742708, 1225.0, (6.654973040862079, 6.292744150296127, 9.873419898680714, 38.70007853552456), 7.751343011856079)
Day:1 
(1, 35, 100, -32.819091169299924, 225.0, (47.629581871321086, 19.17666881416784, 1.2398672645830981, 38.70007853552456), 7.9671950340271)
Day:1 
(1, 36, 100, -26.02419544147781, 36.0, (0.5777546089594742, 2.3606118253483763, 0.9100265803476522, 38.70007853552456), 7.738729953765869)
Day:1 
(1, 37, 100, -26.867988323844735, 784.0, (5.664782431086403, 0.038032564587179934, 3.7936306164436195, 38.70007853552456), 7.730608940124512)
Day:1 
(1, 38, 100, -29.391837661788415, 196.0, (7.39323494014775, 14.276361661388353, 1.1075274008452827, 38.70007853552456), 7.641586065292358)
Day:1 
(1, 39, 100, -28.671537503086206, 25.0, (11.364756700416736, 7.573772096224906, 0.617597990291045, 38.70007853552456), 7.53751015663147)
Day:1 
(1, 40, 100, -24.295099442760307, 289.0, (2.964254149467704, 0.28025821335491446, 0.030884793800962356, 38.70007853552456), 8.069086790084839)
Day:1 
(1, 41, 100, -26.332007970930864, 441.0, (0.7458688176958638, 5.772316424600707, 1.035727973671094, 24.563435090844816), 7.428909063339233)
Day:1 
(1, 42, 100, -29.02176419435095, 4096.0, (0.0717580547316651, 1.0861308687395546, 11.520993159750136, 21.114242432570062), 7.890826940536499)
Day:1 
(1, 43, 100, -24.50138695735871, 1369.0, (0.28061678436151855, 0.006776108499847411, 11.445326320795807, 21.114242432570062), 7.551505088806152)
Day:1 
(1, 44, 100, -32.00656227188092, 196.0, (11.612368851265419, 8.64029212063563, 42.49726485536453, 21.114242432570062), 7.960993051528931)
Day:1 
(1, 45, 100, -29.885270702157282, 676.0, (17.541478989723466, 3.861407822646713, 9.016898098368836, 21.114242432570062), 7.686625003814697)
Day:1 
(1, 46, 100, -23.48415838555333, 144.0, (4.742061404808665, 0.12915092571354841, 0.15836961352915646, 17.761835990647), 7.555182933807373)
Day:1 
(1, 47, 100, -20.621755444952562, 529.0, (0.08531364194061383, 0.11913689787883909, 0.15836961352915646, 7.474706899830669), 7.923820972442627)
Day:1 
(1, 48, 100, -21.254479760095087, 1.0, (3.4975345591249916, 0.11913689787883909, 0.024278190323007248, 7.474706899830669), 7.912989139556885)
Day:1 
(1, 49, 100, -26.907653447613203, 1225.0, (2.8213709616674096, 0.7910156409833333, 9.623735864337851, 8.773730326244007), 7.807187795639038)
Day:1 
(1, 50, 100, -27.152562779343494, 4.0, (1.7255702387073788, 2.7660775555263113, 9.9928294827035, 20.95839112433184), 7.560079097747803)
Day:1 
(1, 51, 100, -29.89828491248683, 225.0, (10.073175814591222, 0.8646560912353691, 35.25415983656888, 20.95839112433184), 7.5793681144714355)
Day:1 
(1, 52, 100, -28.096421834627236, 625.0, (10.709588273130679, 1.145762197207088, 11.371370098434397, 13.072525987333627), 7.693049907684326)
Day:1 
(1, 53, 100, -21.319504016023593, 100.0, (0.23873340788515207, 0.06290089752229029, 0.49716765405884633, 5.10938942601328), 7.57682204246521)
Day:1 
(1, 54, 100, -20.22564934450704, 25.0, (0.8506038067670543, 0.2484747320414054, 0.00602990387227052, 9.043441193475632), 7.500727891921997)
Day:1 
(1, 55, 100, -28.379669207280713, 64.0, (0.6481031830363162, 0.9125311219868354, 59.69578969070298, 9.043441193475632), 7.876067161560059)
Day:1 
(1, 56, 100, -24.894310853496407, 144.0, (0.8424542124640318, 2.738479163301008, 2.929523282780386, 9.043441193475632), 7.89686393737793)
Day:1 
(1, 57, 100, -21.304555718496847, 16.0, (0.06898416852726946, 0.24389186208839772, 0.3904063807758951, 11.999152569437662), 7.88553786277771)
Day:1 
(1, 58, 100, -28.065494786870158, 676.0, (0.33238012730970967, 17.522722798812232, 11.085727198958459, 11.999152569437662), 7.880220174789429)
Day:1 
(1, 59, 100, -25.16255276613117, 169.0, (0.33238012730970967, 1.2314362903849472, 9.54699689876942, 11.999152569437662), 7.985347032546997)
Day:1 
(1, 60, 100, -26.123495007099113, 841.0, (0.044366232144086436, 3.590180308118604, 18.91663293753637, 5.7768302007699335), 8.307929992675781)
Day:1 
(1, 61, 100, -24.336183391235394, 225.0, (0.044366232144086436, 1.197599020138867, 17.78605528125825, 5.7768302007699335), 8.279621839523315)
Day:1 
(1, 62, 100, -28.221074524789437, 4.0, (0.044366232144086436, 10.596573083462706, 35.23826913099266, 21.331926562807737), 7.8272459506988525)
Day:1 
(1, 63, 100, -27.066756093218977, 729.0, (0.044366232144086436, 4.890406250422796, 2.59299809165174, 47.46979135778029), 7.732462167739868)
Day:1 
(1, 64, 100, -26.418124605708783, 9.0, (1.7367337463420407, 1.4332396298402963, 0.40702583156983846, 47.46979135778029), 8.01637887954712)
Day:1 
(1, 65, 100, -30.925128927605606, 961.0, (26.781877162395684, 2.356481016777062, 1.4027848854613258, 47.46979135778029), 7.734332084655762)
Day:1 
(1, 66, 100, -30.62222974322266, 676.0, (1.7880938957047983, 3.2035870674352807, 53.82836575219464, 16.658327094037542), 7.711395978927612)
Day:1 
(1, 67, 100, -25.910136843072486, 961.0, (1.7880938957047983, 2.607861118844412, 0.3209845930120615, 21.646848533912085), 7.6655800342559814)
Day:1 
(1, 68, 100, -28.94262574218873, 144.0, (10.789679231821962, 21.63778658813683, 0.7749613549016847, 21.646848533912085), 7.588552951812744)
Day:1 
(1, 69, 100, -31.1145887553168, 1156.0, (1.2844533957954996, 15.463225729587712, 30.570420988554027, 20.061626497907657), 7.789513111114502)
Day:1 
(1, 70, 100, -26.000220784119357, 25.0, (10.04290417103725, 1.5292900225519774, 1.2035148603648822, 13.296086624251688), 7.98359489440918)
Day:1 
(1, 71, 100, -24.826760132834167, 25.0, (10.04290417103725, 0.9954315578173846, 0.20614486854774636, 13.296086624251688), 7.854634046554565)
Day:1 
(1, 72, 100, -30.753935667507708, 2.0, (10.04290417103725, 12.439595872132337, 3.183098300377523, 13.296086624251688), 8.397847890853882)
Day:1 
(1, 73, 100, -28.135284085185777, 961.0, (10.04290417103725, 1.7916515284236516, 6.229738288259086, 13.296086624251688), 8.318547010421753)
Day:1 
(1, 74, 100, -27.506194020710943, 2025.0, (2.1202872071152834, 0.657222846577654, 6.229738288259086, 13.296086624251688), 8.485236167907715)
Day:1 
(1, 75, 100, -23.283064256009432, 256.0, (2.2819310351241238, 3.1703718540379207, 0.014815994479885776, 13.296086624251688), 8.223177909851074)
Day:1 
(1, 76, 100, -27.388959137673208, 256.0, (2.2819310351241238, 9.618009488968177, 2.3760068215132923, 20.434901899542957), 8.121309995651245)
Day:1 
(1, 77, 100, -25.670502814859884, 529.0, (0.0029562066310719203, 27.47581579779917, 2.3760068215132923, 20.434901899542957), 8.623142004013062)
Day:1 
(1, 78, 100, -31.169236939350377, 196.0, (11.374325019760738, 5.777345792682626, 35.542404291940926, 20.434901899542957), 8.385019063949585)
Day:1 
(1, 79, 100, -31.076183352133075, 961.0, (11.870246278199511, 3.6974730398495237, 35.542404291940926, 11.556672654013738), 8.496351957321167)
Day:1 
(1, 80, 100, -23.931160356174697, 100.0, (0.4900801263742927, 3.6974730398495237, 0.426944516217357, 11.556672654013738), 8.726757049560547)
Day:1 
(1, 81, 100, -27.404309103974345, 225.0, (0.018085410974144244, 1.8255441034491366, 43.828556024859225, 24.131594340721872), 8.398477792739868)
Day:1 
(1, 82, 100, -28.76244878688326, 400.0, (3.352757478428331, 1.2381206486556915, 13.241406555939337, 35.49744633847264), 7.875583171844482)
Day:1 
(1, 83, 100, -30.676586676497713, 16.0, (28.094328217651558, 9.558046329529144, 2.1926954142501236, 35.49744633847264), 7.998159885406494)
Day:1 
(1, 84, 100, -30.863748143789863, 1600.0, (28.094328217651558, 1.8887744868801621, 1.6941744715790472, 35.49744633847264), 8.252782106399536)
Day:1 
(1, 85, 100, -29.154413613410615, 1296.0, (8.791307894022573, 14.29652610670856, 0.0985394784140139, 35.49744633847264), 8.38761305809021)
Day:1 
(1, 86, 100, -31.488484764400404, 196.0, (18.94722180564673, 20.40326204515548, 3.8875963329332572, 35.49744633847264), 7.894701957702637)
Day:1 
(1, 87, 100, -31.403551406062125, 1369.0, (27.889825722152345, 2.473589732736763, 3.8875963329332572, 35.49744633847264), 8.582947969436646)
Day:1 
(1, 88, 100, -25.529808394534612, 25.0, (0.06909396984959902, 14.838267384275595, 3.8875963329332572, 11.554711925575633), 8.47951602935791)
Day:1 
(1, 89, 100, -18.70477156654196, 36.0, (0.06909396984959902, 0.21918757280575027, 0.0025963022636332628, 11.554711925575633), 8.86490797996521)
Day:1 
(1, 90, 100, -26.148979834015613, 1156.0, (0.06909396984959902, 12.401132562654167, 2.8539967160228827, 11.232310622247676), 8.456501960754395)
Day:1 
(1, 91, 100, -21.559913672498, 576.0, (0.2101912350336418, 3.268247740343357, 0.0009709035166102388, 20.36875891332138), 8.344556093215942)
Day:1 
(1, 92, 100, -26.57889956081157, 256.0, (0.001187228163548661, 3.268247740343357, 4.91897233028402, 75.92314104699506), 8.333165884017944)
Day:1 
(1, 93, 100, -27.304753040273006, 16.0, (0.001187228163548661, 2.382673105676601, 16.401291673571798, 75.92314104699506), 8.468141078948975)
Day:1 
(1, 94, 100, -22.858920960768874, 484.0, (3.706393293272316e-05, 2.382673105676601, 13.655129725144917, 26.958146520873324), 8.717952013015747)
Day:1 
(1, 95, 100, -27.100543698700577, 289.0, (3.2058206313131454, 9.543923733797069, 2.5797887579331125, 13.19091843449327), 8.215538024902344)
Day:1 
(1, 96, 100, -25.563745718306567, 289.0, (3.2058206313131454, 8.879515180347317, 0.17409634091891105, 13.19091843449327), 8.452132940292358)
Day:1 
(1, 97, 100, -27.644020223577712, 2116.0, (3.2058206313131454, 1.3148562956620258, 2.964580939050196, 14.228350576487244), 8.478699922561646)
Day:1 
(1, 98, 100, -30.250330262970447, 1024.0, (0.3678787733095345, 1.3148562956620258, 79.54256748860267, 5.358007256080537), 8.220271110534668)
Day:1 
(1, 99, 100, -25.908732653300998, 4.0, (0.3678787733095345, 1.3148562956620258, 25.118177713531264, 5.358007256080537), 8.93789792060852)
Day:1 
(1, 100, 100, -24.552712267456783, 100.0, (0.2554762125310366, 3.4456572749926675, 1.3718335141116214, 15.891903926847956), 8.157510042190552)
Day:2 
(2, 0, 100, -14412.94931801476, 1135089.0, (0.2554762125310366, 3.4456572749926675, 1.3718335141116214, 15.891903926847956), 10.754824876785278)
Day:2 
(2, 1, 100, -998.9085063950238, 79606.0, (5.369417936050038, 2.0486380497566854, 1.9372534018650014, 4.451768331700965), 178.5483751296997)
Day:2 
(2, 2, 100, -586.679004058953, 48972.0, (5.369417936050038, 2.036709741445425, 4.7024691074574, 4.451768331700965), 210.83578491210938)
Day:2 
(2, 3, 100, -541.258809479695, 34675.0, (4.892044319309418, 2.036709741445425, 4.7024691074574, 4.451768331700965), 206.49370908737183)
Day:2 
(2, 4, 100, -393.83277946974204, 29951.0, (4.356759926940488, 2.036709741445425, 4.7024691074574, 4.451768331700965), 152.46598100662231)
Day:2 
(2, 5, 100, -374.6896038721423, 28851.0, (4.356759926940488, 2.036709741445425, 4.7024691074574, 4.451768331700965), 189.63163304328918)
Day:2 
(2, 6, 100, -365.83355147434526, 28808.0, (4.356759926940488, 2.036709741445425, 4.7024691074574, 4.451768331700965), 155.5580198764801)
Day:2 
(2, 7, 100, -356.0114644930537, 27186.0, (4.356759926940488, 2.036709741445425, 4.7024691074574, 4.451768331700965), 164.60589909553528)
Day:2 
(2, 8, 100, -345.9982979985235, 24830.0, (4.356759926940488, 2.036709741445425, 4.7024691074574, 4.451768331700965), 185.60030388832092)
Day:2 
(2, 9, 100, -344.52074857234373, 24753.0, (4.356759926940488, 2.036709741445425, 4.7024691074574, 4.451768331700965), 167.24970602989197)
Day:2 
(2, 10, 100, -349.1932504940609, 24764.0, (4.356759926940488, 2.036709741445425, 4.7024691074574, 4.451768331700965), 168.01269507408142)
Day:2 
(2, 11, 100, -354.4801248178402, 24396.0, (4.356759926940488, 2.036709741445425, 4.7024691074574, 4.451768331700965), 171.3179190158844)
Day:2 
(2, 12, 100, -352.31053533345244, 24106.0, (4.356759926940488, 2.036709741445425, 4.7024691074574, 4.451768331700965), 182.9050829410553)
Day:2 
(2, 13, 100, -345.098338925383, 24026.0, (4.356759926940488, 2.036709741445425, 4.7024691074574, 4.451768331700965), 172.90906691551208)
Day:2 
(2, 14, 100, -350.21348392519246, 22809.0, (4.356759926940488, 2.036709741445425, 4.7024691074574, 4.451768331700965), 172.02399516105652)
Day:2 
(2, 15, 100, -355.664095628684, 22794.0, (4.356759926940488, 2.036709741445425, 4.7024691074574, 4.451768331700965), 187.01336288452148)
Day:2 
(2, 16, 100, -350.88076908383357, 22787.0, (4.356759926940488, 2.036709741445425, 4.7024691074574, 4.451768331700965), 173.37192797660828)
Day:2 
(2, 17, 100, -348.1633294101005, 22375.0, (4.356759926940488, 2.036709741445425, 4.7024691074574, 4.451768331700965), 161.07579112052917)
Day:2 
(2, 18, 100, -351.46340239587596, 22393.0, (4.356759926940488, 2.036709741445425, 4.7024691074574, 4.451768331700965), 160.8053159713745)
Day:2 
(2, 19, 100, -344.4521537695041, 22384.0, (4.356759926940488, 2.036709741445425, 4.7024691074574, 4.451768331700965), 172.68648195266724)
Day:2 
(2, 20, 100, -350.6390292398722, 22368.0, (4.356759926940488, 2.036709741445425, 4.7024691074574, 4.451768331700965), 176.8125240802765)
Day:2 
(2, 21, 100, -349.8790349757465, 22451.0, (4.356759926940488, 2.036709741445425, 4.7024691074574, 4.451768331700965), 152.5130569934845)
Day:2 
(2, 22, 100, -349.24743308880727, 22231.0, (4.356759926940488, 2.036709741445425, 4.7024691074574, 4.451768331700965), 168.82167792320251)
Day:2 
(2, 23, 100, -342.4336168644363, 22262.0, (4.356759926940488, 2.036709741445425, 4.7024691074574, 4.451768331700965), 155.271831035614)
Day:2 
(2, 24, 100, -346.01790625319194, 22237.0, (4.356759926940488, 2.036709741445425, 4.7024691074574, 4.451768331700965), 187.99306297302246)
Day:2 
(2, 25, 100, -342.6326351900298, 22150.0, (4.356759926940488, 2.036709741445425, 4.7024691074574, 4.451768331700965), 159.8347680568695)
Day:2 
(2, 26, 100, -344.5645478661999, 22149.0, (4.356759926940488, 2.036709741445425, 4.7024691074574, 4.451768331700965), 152.60861802101135)
Day:2 
(2, 27, 100, -345.02079356864016, 22125.0, (4.356759926940488, 2.036709741445425, 4.7024691074574, 4.451768331700965), 175.13565802574158)
Day:2 
(2, 28, 100, -332.65146569538723, 22089.0, (4.356759926940488, 2.036709741445425, 4.7024691074574, 4.451768331700965), 165.81633591651917)
Day:2 
(2, 29, 100, -335.93398888871997, 22188.0, (4.356759926940488, 2.036709741445425, 4.7024691074574, 4.451768331700965), 175.0511429309845)
Day:2 
(2, 30, 100, -340.2772017000526, 22189.0, (4.356759926940488, 2.036709741445425, 4.7024691074574, 4.451768331700965), 149.6288070678711)
Day:2 
(2, 31, 100, -344.76006335353577, 22253.0, (4.356759926940488, 2.036709741445425, 4.7024691074574, 4.451768331700965), 176.3350419998169)
Day:2 
(2, 32, 100, -346.06468651854965, 22040.0, (4.356759926940488, 2.036709741445425, 4.7024691074574, 4.451768331700965), 168.78188800811768)
Day:2 
(2, 33, 100, -358.9252967960377, 21750.0, (4.356759926940488, 2.036709741445425, 4.7024691074574, 4.451768331700965), 197.91911387443542)
Day:2 
(2, 34, 100, -339.4349504195059, 21659.0, (4.356759926940488, 2.036709741445425, 4.7024691074574, 4.451768331700965), 170.9159550666809)
Day:2 
(2, 35, 100, -338.81307143358987, 21672.0, (4.356759926940488, 2.036709741445425, 4.7024691074574, 4.451768331700965), 152.25395894050598)
Day:2 
(2, 36, 100, -340.0468219477941, 21648.0, (4.356759926940488, 2.036709741445425, 4.7024691074574, 4.451768331700965), 167.93574714660645)
Day:2 
(2, 37, 100, -333.3921320623687, 21289.0, (4.356759926940488, 2.036709741445425, 4.7024691074574, 4.451768331700965), 161.50500988960266)
Day:2 
(2, 38, 100, -335.8080217287552, 21300.0, (4.356759926940488, 2.036709741445425, 4.7024691074574, 4.451768331700965), 176.8766369819641)
Day:2 
(2, 39, 100, -331.153940883679, 21281.0, (4.356759926940488, 2.036709741445425, 4.7024691074574, 4.451768331700965), 205.51022505760193)
Day:2 
(2, 40, 100, -343.60646285875765, 21341.0, (4.356759926940488, 2.036709741445425, 4.7024691074574, 4.451768331700965), 192.42174696922302)
Day:2 
(2, 41, 100, -339.84919141374127, 21338.0, (4.356759926940488, 2.036709741445425, 4.7024691074574, 4.451768331700965), 185.73243594169617)
Day:2 
(2, 42, 100, -342.63448247825346, 21326.0, (4.356759926940488, 2.036709741445425, 4.7024691074574, 4.451768331700965), 183.2225251197815)
Day:2 
(2, 43, 100, -344.73847647234254, 21443.0, (4.356759926940488, 2.036709741445425, 4.7024691074574, 4.451768331700965), 180.8714120388031)
Day:2 
(2, 44, 100, -347.5452872442194, 21449.0, (4.356759926940488, 2.036709741445425, 4.7024691074574, 4.451768331700965), 211.35997605323792)
Day:2 
(2, 45, 100, -352.85879209114904, 21387.0, (4.356759926940488, 2.036709741445425, 4.7024691074574, 4.451768331700965), 202.51706886291504)
Day:2 
(2, 46, 100, -345.38508198586726, 21242.0, (4.356759926940488, 2.036709741445425, 4.7024691074574, 4.451768331700965), 199.74234414100647)
Day:2 
(2, 47, 100, -349.8426078279866, 20619.0, (4.356759926940488, 2.036709741445425, 4.7024691074574, 4.451768331700965), 173.58097386360168)
Day:2 
(2, 48, 100, -352.561871809828, 20601.0, (4.356759926940488, 2.036709741445425, 4.7024691074574, 4.451768331700965), 194.95004391670227)
Day:2 
(2, 49, 100, -344.9454862033634, 20593.0, (4.356759926940488, 2.036709741445425, 4.7024691074574, 4.451768331700965), 185.19642901420593)
Day:2 
(2, 50, 100, -360.4139840709577, 20603.0, (4.356759926940488, 2.036709741445425, 4.7024691074574, 4.451768331700965), 215.7430191040039)
Day:2 
(2, 51, 100, -350.18078761092005, 20931.0, (4.356759926940488, 2.036709741445425, 4.7024691074574, 4.451768331700965), 164.15338397026062)
Day:2 
(2, 52, 100, -346.150862119464, 19255.0, (4.356759926940488, 2.036709741445425, 4.7024691074574, 4.451768331700965), 180.26517605781555)
Day:2 
(2, 53, 100, -341.76768930387925, 19254.0, (4.356759926940488, 2.036709741445425, 4.7024691074574, 4.451768331700965), 165.5436670780182)
Day:2 
(2, 54, 100, -340.69128060362675, 19279.0, (4.356759926940488, 2.036709741445425, 4.7024691074574, 4.451768331700965), 170.29901790618896)
Day:2 
(2, 55, 100, -339.20426606272525, 19025.0, (4.356759926940488, 2.036709741445425, 4.7024691074574, 4.451768331700965), 195.13861393928528)
Day:2 
(2, 56, 100, -345.54539084749393, 19047.0, (4.356759926940488, 2.036709741445425, 4.7024691074574, 4.451768331700965), 220.66145610809326)
Day:2 
(2, 57, 100, -346.0125370478683, 19057.0, (4.356759926940488, 2.036709741445425, 4.7024691074574, 4.451768331700965), 173.70267581939697)
Day:2 
(2, 58, 100, -340.7089910685059, 19046.0, (4.356759926940488, 2.036709741445425, 4.7024691074574, 4.451768331700965), 171.4310781955719)
Day:2 
(2, 59, 100, -354.38163739683546, 19062.0, (4.356759926940488, 2.036709741445425, 4.7024691074574, 4.451768331700965), 174.68661284446716)
Day:2 
(2, 60, 100, -353.33634265473466, 19099.0, (4.356759926940488, 2.036709741445425, 4.7024691074574, 4.451768331700965), 166.8726100921631)
Day:2 
(2, 61, 100, -359.2062255659569, 19069.0, (4.356759926940488, 2.036709741445425, 4.7024691074574, 4.451768331700965), 161.29214596748352)
Day:2 
(2, 62, 100, -364.51798314608374, 19062.0, (4.356759926940488, 2.036709741445425, 4.7024691074574, 4.451768331700965), 190.7506160736084)
Day:2 
(2, 63, 100, -363.61798803743267, 19065.0, (4.356759926940488, 2.036709741445425, 4.7024691074574, 4.451768331700965), 207.20266890525818)
Day:2 
(2, 64, 100, -357.90752504837417, 19001.0, (4.356759926940488, 2.036709741445425, 4.7024691074574, 4.451768331700965), 176.92658805847168)
Day:2 
(2, 65, 100, -351.20079558739286, 19011.0, (4.356759926940488, 2.036709741445425, 4.7024691074574, 4.451768331700965), 190.6632158756256)
Day:2 
(2, 66, 100, -344.9421898068725, 19073.0, (4.356759926940488, 2.036709741445425, 4.7024691074574, 4.451768331700965), 162.0982141494751)
Day:2 
(2, 67, 100, -348.58359032035406, 19875.0, (4.356759926940488, 2.036709741445425, 4.7024691074574, 4.451768331700965), 182.9910340309143)
Day:2 
(2, 68, 100, -343.067206807643, 19883.0, (4.356759926940488, 2.036709741445425, 4.7024691074574, 4.451768331700965), 195.29816699028015)
Day:2 
(2, 69, 100, -341.16094690213913, 19874.0, (4.356759926940488, 2.036709741445425, 4.7024691074574, 4.451768331700965), 187.7360029220581)
Day:2 
(2, 70, 100, -346.063753706856, 19914.0, (4.356759926940488, 2.036709741445425, 4.7024691074574, 4.451768331700965), 194.70144391059875)
Day:2 
(2, 71, 100, -337.22401531315865, 19542.0, (4.356759926940488, 2.036709741445425, 4.7024691074574, 4.451768331700965), 213.12729215621948)
Day:2 
(2, 72, 100, -338.34336254349233, 17818.0, (4.356759926940488, 2.036709741445425, 4.7024691074574, 4.451768331700965), 182.5323269367218)
Day:2 
(2, 73, 100, -329.9365968604598, 17462.0, (4.356759926940488, 2.036709741445425, 4.7024691074574, 4.451768331700965), 171.20301795005798)
Day:2 
(2, 74, 100, -338.79442309397984, 18287.0, (4.356759926940488, 2.036709741445425, 4.7024691074574, 4.451768331700965), 161.89634799957275)
Day:2 
(2, 75, 100, -330.9642068359397, 18236.0, (4.356759926940488, 2.036709741445425, 4.7024691074574, 4.451768331700965), 176.954283952713)
Day:2 
(2, 76, 100, -330.6987598952399, 18450.0, (4.356759926940488, 2.036709741445425, 4.7024691074574, 4.451768331700965), 154.6189501285553)
Day:2 
(2, 77, 100, -328.99816285504716, 18077.0, (4.356759926940488, 2.036709741445425, 4.7024691074574, 4.451768331700965), 155.65067601203918)
Day:2 
(2, 78, 100, -330.41699470532154, 18084.0, (4.356759926940488, 2.036709741445425, 4.7024691074574, 4.451768331700965), 186.6164059638977)
Day:2 
(2, 79, 100, -330.2297364192367, 18077.0, (4.356759926940488, 2.036709741445425, 4.7024691074574, 4.451768331700965), 167.29252910614014)
Day:2 
(2, 80, 100, -336.90051298348374, 18099.0, (4.356759926940488, 2.036709741445425, 4.7024691074574, 4.451768331700965), 193.82086992263794)
Day:2 
(2, 81, 100, -338.93530078374573, 18631.0, (4.356759926940488, 2.036709741445425, 4.7024691074574, 4.451768331700965), 162.33273100852966)
Day:2 
(2, 82, 100, -337.9598395441532, 18624.0, (4.356759926940488, 2.036709741445425, 4.7024691074574, 4.451768331700965), 174.41654300689697)
Day:2 
(2, 83, 100, -332.89994372769485, 17886.0, (4.356759926940488, 2.036709741445425, 4.7024691074574, 4.451768331700965), 186.4999349117279)
Day:2 
(2, 84, 100, -333.280274941766, 17879.0, (4.356759926940488, 2.036709741445425, 4.7024691074574, 4.451768331700965), 179.9625120162964)
Day:2 
(2, 85, 100, -329.6732249411661, 17955.0, (4.356759926940488, 2.036709741445425, 4.7024691074574, 4.451768331700965), 153.28844690322876)
Day:2 
(2, 86, 100, -327.89080248797706, 18101.0, (4.356759926940488, 2.036709741445425, 4.7024691074574, 4.451768331700965), 160.0780851840973)
Day:2 
(2, 87, 100, -331.521456137113, 17871.0, (4.356759926940488, 2.036709741445425, 4.7024691074574, 4.451768331700965), 185.57681584358215)
Day:2 
(2, 88, 100, -329.3526947214261, 17776.0, (4.356759926940488, 2.036709741445425, 4.7024691074574, 4.451768331700965), 152.67937803268433)
Day:2 
(2, 89, 100, -333.52781270601434, 17905.0, (4.356759926940488, 2.036709741445425, 4.7024691074574, 4.451768331700965), 196.5824670791626)
Day:2 
(2, 90, 100, -333.1468642938744, 17906.0, (4.356759926940488, 2.036709741445425, 4.7024691074574, 4.451768331700965), 179.91642308235168)
Day:2 
(2, 91, 100, -333.01211838248923, 17876.0, (4.356759926940488, 2.036709741445425, 4.7024691074574, 4.451768331700965), 183.15293097496033)
Day:2 
(2, 92, 100, -333.2132602054229, 18234.0, (4.356759926940488, 2.036709741445425, 4.7024691074574, 4.451768331700965), 182.122318983078)
Day:2 
(2, 93, 100, -337.26359612463654, 17236.0, (4.356759926940488, 2.036709741445425, 4.7024691074574, 4.451768331700965), 182.91686582565308)
Day:2 
(2, 94, 100, -335.2708898359277, 17153.0, (4.356759926940488, 2.036709741445425, 4.7024691074574, 4.451768331700965), 152.77276706695557)
Day:2 
(2, 95, 100, -334.2655181609692, 17159.0, (4.356759926940488, 2.036709741445425, 4.7024691074574, 4.451768331700965), 186.08517503738403)
Day:2 
(2, 96, 100, -336.14201182658, 17157.0, (4.356759926940488, 2.036709741445425, 4.7024691074574, 4.451768331700965), 205.75762295722961)
Day:2 
(2, 97, 100, -346.51294103372965, 16962.0, (4.356759926940488, 2.036709741445425, 4.7024691074574, 4.451768331700965), 151.86717700958252)
Day:2 
(2, 98, 100, -342.9411627562243, 16688.0, (4.356759926940488, 2.036709741445425, 4.7024691074574, 4.451768331700965), 179.75725102424622)
Day:2 
(2, 99, 100, -335.73192715500255, 16625.0, (4.356759926940488, 2.036709741445425, 4.7024691074574, 4.451768331700965), 208.6237940788269)
Day:2 
(2, 100, 100, -335.7505435450288, 16593.0, (4.356759926940488, 2.036709741445425, 4.7024691074574, 4.451768331700965), 176.54669094085693)