
Day:1 
(1, 0, 100, -16177.205901333316, 1673915.0, (7.865226470158795, 7.147585403743726, 10.271644273405098, 0.07129624808237767), 4.568391799926758)
Day:1 
(1, 1, 100, -25.004622787450376, 529.0, (0.00037524253435906044, 7.147585403743726, 20.951686370890123, 21.455379837141674), 7.90742301940918)
Day:1 
(1, 2, 100, -22.016443172412988, 169.0, (0.00037524253435906044, 31.64932617145687, 0.014648667785122457, 21.455379837141674), 8.388766050338745)
Day:1 
(1, 3, 100, -30.052042782128773, 529.0, (1.6339389722681688, 11.07514168253598, 25.501653259976095, 21.455379837141674), 8.23180103302002)
Day:1 
(1, 4, 100, -27.59230781920514, 1849.0, (7.143854931878904, 1.0298827201043814, 0.568870313079668, 21.455379837141674), 8.279152870178223)
Day:1 
(1, 5, 100, -28.44799952744205, 100.0, (5.655594690500993, 1.0298827201043814, 36.68669779074396, 7.5960513780162975), 8.286465167999268)
Day:1 
(1, 6, 100, -24.716021764858368, 64.0, (5.751379882307998, 1.0298827201043814, 0.409618199480615, 7.5960513780162975), 8.453271865844727)
Day:1 
(1, 7, 100, -30.56590847854263, 68.0, (5.751379882307998, 3.225374441465176, 5.807755248264216, 7.23451952062066), 8.413690090179443)
Day:1 
(1, 8, 100, -27.92220841512608, 841.0, (5.751379882307998, 2.38613527008434, 2.890908246579197, 7.23451952062066), 8.714776992797852)
Day:1 
(1, 9, 100, -24.780661101362575, 25.0, (0.8861864267721642, 2.8639926956031747, 3.196662437646129, 7.905499617773271), 8.461944103240967)
Day:1 
(1, 10, 100, -23.972175977267028, 64.0, (0.8861864267721642, 2.0335526000919497, 1.0569598930437234, 8.197713659278687), 8.245226860046387)
Day:1 
(1, 11, 100, -29.25254385455389, 676.0, (0.8861864267721642, 20.98230772466586, 3.549458690445241, 31.66077226768956), 8.214420080184937)
Day:1 
(1, 12, 100, -31.382733323312024, 1.0, (4.612671600099557, 4.892947130527052, 19.50439351635789, 58.617557945226366), 8.23262906074524)
Day:1 
(1, 13, 100, -28.926022361049945, 289.0, (3.0671636949248584, 0.05872521601283865, 19.50439351635789, 58.617557945226366), 8.100960969924927)
Day:1 
(1, 14, 100, -29.765951162420585, 400.0, (2.772051902263603, 19.22118568066393, 4.761123218141144, 32.296772595476305), 8.241781949996948)
Day:1 
(1, 15, 100, -29.162320299846726, 225.0, (29.693804207032528, 19.22118568066393, 0.020328834997544145, 32.296772595476305), 8.400593042373657)
Day:1 
(1, 16, 100, -31.686676166446837, 1024.0, (21.456723345977377, 8.58901253741042, 6.376120783844303, 32.296772595476305), 7.888208866119385)
Day:1 
(1, 17, 100, -27.072622760168805, 64.0, (1.0869467789936644, 2.038247881207375, 5.917490196112165, 32.296772595476305), 8.433225154876709)
Day:1 
(1, 18, 100, -28.258593109546602, 16.0, (1.1556527114564206, 13.09218801049312, 4.015094843252417, 32.296772595476305), 8.304296016693115)
Day:1 
(1, 19, 100, -31.337761420924267, 9.0, (1.1556527114564206, 9.954149369445222, 47.02168820672572, 32.296772595476305), 8.08173394203186)
Day:1 
(1, 20, 100, -26.277354803893676, 4.0, (0.0696223001201116, 2.3842764712085396, 11.258671681035036, 32.296772595476305), 8.206876039505005)
Day:1 
(1, 21, 100, -25.024706698544684, 9.0, (3.9652068691287226, 0.1908650304455962, 6.9882721119903115, 10.51741139318485), 8.490846872329712)
Day:1 
(1, 22, 100, -22.338643010088077, 0.0, (0.0008415392299168998, 0.1908650304455962, 17.880892434054694, 19.22904280314715), 8.452294111251831)
Day:1 
(1, 23, 100, -28.244840149981805, 576.0, (2.536106391361133, 7.582611126936598, 6.845817855750739, 19.22904280314715), 8.082041025161743)
Day:1 
(1, 24, 100, -25.641485558915026, 576.0, (0.02157458670652008, 5.725714754967869, 8.37192498341089, 19.22904280314715), 8.472622871398926)
Day:1 
(1, 25, 100, -31.28785468837673, 1089.0, (0.09308841627785162, 8.835482874152502, 67.02197933193136, 19.22904280314715), 8.356395959854126)
Day:1 
(1, 26, 100, -24.42744747788955, 4.0, (0.26950780150392945, 0.0739504220700853, 2.024206180840648, 42.33440893650053), 7.9852330684661865)
Day:1 
(1, 27, 100, -34.16557084548967, 361.0, (6.974698547208036, 41.28975919190115, 21.86363218611233, 42.33440893650053), 7.83053994178772)
Day:1 
(1, 28, 100, -27.53435734502811, 441.0, (0.03398035795876597, 13.436464389068796, 15.070552339182735, 23.660261167196335), 8.123234987258911)
Day:1 
(1, 29, 100, -29.57776331938289, 196.0, (8.660771790270374, 8.154544635086076, 10.843832806135545, 23.660261167196335), 8.525681018829346)
Day:1 
(1, 30, 100, -33.764505719721406, 9.0, (51.26534656470593, 8.22192049818355, 6.715380932240923, 51.537517042386774), 8.585986137390137)
Day:1 
(1, 31, 100, -29.39737723196786, 361.0, (1.8668263568199674, 8.22192049818355, 2.928207054835703, 51.537517042386774), 8.499897003173828)
Day:1 
(1, 32, 100, -28.610893156970747, 900.0, (1.8668263568199674, 16.19184939486568, 1.8926220130426188, 23.30033225088768), 8.425055027008057)
Day:1 
(1, 33, 100, -21.367146407418243, 841.0, (0.015888497241915094, 0.8236636694330906, 0.018933475093664446, 23.30033225088768), 8.744572877883911)
Day:1 
(1, 34, 100, -31.679969810657422, 291.0, (1.8385505041997479, 7.181982565232046, 0.018933475093664446, 9.038687013826962), 8.283647060394287)
Day:1 
(1, 35, 100, -29.266131889251852, 16.0, (3.4989473050536617, 5.556443802197523, 20.440904028191433, 24.99495647421182), 8.598412036895752)
Day:1 
(1, 36, 100, -29.7880937346197, 25.0, (1.908316228890874, 7.90402199421891, 4.692244130110606, 59.00312699281367), 8.158779859542847)
Day:1 
(1, 37, 100, -29.880887643916914, 25.0, (8.522861130641516, 5.368163153516743, 1.6602027164777162, 59.00312699281367), 8.747825145721436)
Day:1 
(1, 38, 100, -29.781598837509065, 784.0, (3.5215377599970306, 11.392050123573986, 1.6602027164777162, 44.49488106780641), 8.58585500717163)
Day:1 
(1, 39, 100, -26.154327648901365, 169.0, (3.5215377599970306, 0.9168609372661268, 3.4448414338591156, 19.461710642068837), 8.863036870956421)
Day:1 
(1, 40, 100, -26.437565247510626, 3364.0, (0.010729491646375688, 1.307270010807028, 3.9489773085367035, 19.461710642068837), 8.456391096115112)
Day:1 
(1, 41, 100, -25.340063462003773, 4.0, (0.8540401875698609, 6.368176369073908, 0.5707684155015046, 19.461710642068837), 8.55066704750061)
Day:1 
(1, 42, 100, -27.109352380426067, 121.0, (12.621942937190248, 0.07833139337776535, 13.61259023283461, 19.461710642068837), 8.438222885131836)
Day:1 
(1, 43, 100, -27.495851389181666, 16.0, (0.07151960390572036, 23.859315590533676, 13.61259023283461, 14.586785661669323), 8.793828010559082)
Day:1 
(1, 44, 100, -26.568822712698193, 36.0, (0.07151960390572036, 3.438965278521312, 13.61259023283461, 29.208330875293562), 9.117409944534302)
Day:1 
(1, 45, 100, -27.909162962820375, 144.0, (7.087239169146193, 3.438965278521312, 13.231888617672812, 8.996950249624353), 8.606451034545898)
Day:1 
(1, 46, 100, -31.407570023595063, 441.0, (7.889389651952423, 0.01733454968334012, 90.00131272867247, 25.714666457996135), 8.588002920150757)
Day:1 
(1, 47, 100, -27.312587521922662, 576.0, (7.889389651952423, 1.6588860634151894, 0.02515495385599267, 57.66163641127024), 8.49888014793396)
Day:1 
(1, 48, 100, -25.81341785326767, 144.0, (0.07573861983366785, 16.06004519348375, 3.3711117532070536, 14.620166745288925), 8.590296983718872)
Day:1 
(1, 49, 100, -24.67241076256782, 1.0, (3.0179439867798505, 3.5708094824383965, 0.18294502622585257, 14.620166745288925), 8.633051872253418)
Day:1 
(1, 50, 100, -25.220043051619374, 64.0, (13.499298266553192, 1.2759078946600202, 0.006456785435401658, 35.958903775104595), 8.222440004348755)
Day:1 
(1, 51, 100, -27.892805897657155, 729.0, (0.26980338134224785, 10.141636065117753, 2.5902188899044694, 35.958903775104595), 8.400763988494873)
Day:1 
(1, 52, 100, -31.6210748553363, 4.0, (4.332355713517834, 29.677280906153996, 13.524757139299362, 35.958903775104595), 8.9844810962677)
Day:1 
(1, 53, 100, -28.152215489510475, 441.0, (4.87747307279272, 3.075048362704229, 13.524757139299362, 14.645682982486194), 8.577023029327393)
Day:1 
(1, 54, 100, -29.491728898253765, 144.0, (11.61228747238311, 11.960560534891055, 5.979421978993053, 21.298159231255948), 8.541584968566895)
Day:1 
(1, 55, 100, -29.812274409990447, 225.0, (3.7751763191727252, 16.957866637108154, 20.842051923147384, 13.51014042228167), 8.441883087158203)
Day:1 
(1, 56, 100, -24.05482040256488, 289.0, (3.7751763191727252, 0.6979436517407924, 0.014047987949969996, 30.847614702045846), 8.953825950622559)
Day:1 
(1, 57, 100, -27.698596237728697, 25.0, (4.52100574459745, 0.2395556289774872, 16.412097639143592, 30.847614702045846), 8.80409288406372)
Day:1 
(1, 58, 100, -27.57921423619736, 121.0, (11.947836327457187, 9.505596078881217, 0.8098542539048363, 15.557815153003073), 8.645228147506714)
Day:1 
(1, 59, 100, -24.402244098358075, 64.0, (7.59900475617552, 0.06744105039935509, 0.7647180727430892, 19.59746749104226), 8.825927972793579)
Day:1 
(1, 60, 100, -27.382689300053904, 196.0, (2.5107722354272726, 5.587724119469665, 5.171819377512268, 19.59746749104226), 8.311192035675049)
Day:1 
(1, 61, 100, -27.04474582478831, 441.0, (0.46158301824387343, 0.997140893060719, 28.7278105438465, 12.26295768694697), 8.43379282951355)
Day:1 
(1, 62, 100, -26.158247847673685, 4.0, (0.31013067927238314, 0.98926766466944, 29.06126442450972, 4.867334037873338), 8.369081020355225)
Day:1 
(1, 63, 100, -27.803096958705822, 25.0, (0.31013067927238314, 0.98926766466944, 0.9319230668338568, 83.15803929677789), 8.744313955307007)
Day:1 
(1, 64, 100, -30.711254522398463, 36.0, (3.550873683189176, 6.057950624901715, 1.7689445388423386, 83.15803929677789), 8.38091516494751)
Day:1 
(1, 65, 100, -27.879592443996252, 576.0, (0.5391007683967446, 6.057950624901715, 13.845669776837607, 19.66479751327965), 8.524513006210327)
Day:1 
(1, 66, 100, -29.936126322317755, 49.0, (3.0498050833526555, 2.803183730756351, 44.51239643424798, 19.66479751327965), 8.57741403579712)
Day:1 
(1, 67, 100, -26.23623085477862, 9.0, (0.056417707722076854, 10.248270865495432, 9.426304119733642, 19.66479751327965), 8.576283931732178)
Day:1 
(1, 68, 100, -29.317749568456676, 729.0, (5.36566779866839, 6.909532498617679, 11.015731205543522, 19.66479751327965), 8.721365928649902)
Day:1 
(1, 69, 100, -31.109197590793094, 1296.0, (21.858984819061746, 2.8099474526820036, 9.19679099993233, 28.06252814407907), 8.311520099639893)
Day:1 
(1, 70, 100, -31.92377709716537, 784.0, (16.757841501703584, 1.377230759685577, 46.13864008668795, 19.944395217950674), 8.719936847686768)
Day:1 
(1, 71, 100, -32.10927954752467, 256.0, (5.471626012430849, 1.377230759685577, 78.3051352646185, 19.944395217950674), 8.297382116317749)
Day:1 
(1, 72, 100, -25.02162232159558, 289.0, (10.076468249694173, 0.5692082404142211, 0.10472082040527392, 20.258465540695873), 8.412194967269897)
Day:1 
(1, 73, 100, -28.16763759741597, 64.0, (8.841129449716226, 6.947331611682077, 3.5560537097215636, 20.258465540695873), 8.72037410736084)
Day:1 
(1, 74, 100, -25.92916081622075, 100.0, (7.993511549435287, 15.07746667275369, 0.0131561272619135, 20.258465540695873), 8.81417179107666)
Day:1 
(1, 75, 100, -25.59810695755739, 784.0, (0.002165659220278113, 10.08543433102352, 21.272336223859895, 10.803324536019952), 8.721500158309937)
Day:1 
(1, 76, 100, -26.52393279542523, 900.0, (0.6225974426556227, 1.6161322670970657, 12.46932784543842, 10.803324536019952), 8.6614830493927)
Day:1 
(1, 77, 100, -25.596676119730397, 576.0, (2.188230122698509, 0.1017547691360887, 13.613846947828808, 10.803324536019952), 8.586380004882812)
Day:1 
(1, 78, 100, -24.936422682051475, 324.0, (0.8219462232608267, 2.7418919564244884, 1.812206603996386, 10.803324536019952), 8.987756967544556)
Day:1 
(1, 79, 100, -26.650276280498943, 729.0, (7.471866030926817, 0.16804598480382987, 11.02787943257794, 10.777449317286967), 8.609432935714722)
Day:1 
(1, 80, 100, -24.882358272484012, 121.0, (7.471866030926817, 0.061899459260810065, 0.08823286115089723, 43.34390112595549), 8.46842098236084)
Day:1 
(1, 81, 100, -27.40656584901545, 256.0, (7.471866030926817, 1.1514153410383465, 0.4824687035401407, 43.34390112595549), 8.75841498374939)
Day:1 
(1, 82, 100, -26.90888343735554, 1.0, (7.471866030926817, 2.4609273469416135, 4.885776580730698, 13.73495582999278), 8.60393214225769)
Day:1 
(1, 83, 100, -23.929035895774945, 961.0, (0.4028400509003715, 0.11451169638581336, 4.885776580730698, 4.778773432766195), 8.779188871383667)
Day:1 
(1, 84, 100, -28.1924198459119, 0.0, (0.4028400509003715, 20.665586036172524, 12.033382598686716, 17.57681958569192), 8.762803077697754)
Day:1 
(1, 85, 100, -31.238216888314412, 1024.0, (1.0478186139676497, 7.225148781962352, 51.0947386096995, 17.57681958569192), 8.538619041442871)
Day:1 
(1, 86, 100, -23.87384624121414, 441.0, (0.32037710227360305, 0.7976056704159136, 0.2515973330088634, 24.148042783939466), 8.51689887046814)
Day:1 
(1, 87, 100, -34.363769635623285, 49.0, (35.58138734693672, 0.7976056704159136, 30.38165978695796, 70.82883857744734), 8.679537057876587)
Day:1 
(1, 88, 100, -24.829318884258456, 529.0, (1.529267605059038, 0.7976056704159136, 1.5801319038411783, 12.330177401497942), 9.160590887069702)
Day:1 
(1, 89, 100, -29.681766222084725, 900.0, (2.1232835760833986, 0.7976056704159136, 3.114757822393661, 72.28915113746943), 9.10102105140686)
Day:1 
(1, 90, 100, -27.090434699037196, 1600.0, (2.1232835760833986, 13.6943952108153, 0.013617781582174169, 31.36578800459872), 8.941515922546387)
Day:1 
(1, 91, 100, -29.50551451166355, 289.0, (52.104833025390626, 1.519427913739811, 0.1696650905300914, 31.36578800459872), 8.558780193328857)
Day:1 
(1, 92, 100, -32.21594220969407, 784.0, (52.104833025390626, 0.9231024201577565, 3.683208255945511, 43.49007387968261), 9.209817886352539)
Day:1 
(1, 93, 100, -27.34288060574795, 1521.0, (0.9118235536131707, 0.12183803378576877, 3.683208255945511, 43.49007387968261), 8.803697109222412)
Day:1 
(1, 94, 100, -31.137655179361303, 961.0, (50.82196068659647, 1.8740142322229287, 0.245968452270756, 43.49007387968261), 8.776134014129639)
Day:1 
(1, 95, 100, -27.53520761475069, 625.0, (12.149835778293074, 0.004095595251888738, 11.976719379174638, 43.49007387968261), 8.76175594329834)
Day:1 
(1, 96, 100, -22.164048567246706, 25.0, (0.018993910773126513, 0.004095595251888738, 3.945586541032488, 43.49007387968261), 9.146111011505127)
Day:1 
(1, 97, 100, -29.577720256509412, 1.0, (0.6241013523865117, 5.751905055649127, 21.88140411707752, 43.49007387968261), 8.904618978500366)
Day:1 
(1, 98, 100, -31.05549244772036, 2601.0, (7.525466582942127, 0.09792485873939642, 17.83703688380778, 43.49007387968261), 8.909080982208252)
Day:1 
(1, 99, 100, -27.08768468889547, 81.0, (1.9028829500051896, 3.5096979851442462, 2.5081781470501583, 31.265663230288204), 8.414282083511353)
Day:1 
(1, 100, 100, -29.529111116166412, 81.0, (0.5226399909290363, 13.357088867819693, 21.12004953096177, 31.265663230288204), 8.980393886566162)
Day:2 
(2, 0, 100, -14399.101925736615, 1097830.0, (0.5226399909290363, 13.357088867819693, 21.12004953096177, 31.265663230288204), 11.528069019317627)
Day:2 
(2, 1, 100, -1177.2675131483727, 174019.0, (0.5226399909290363, 13.357088867819693, 21.12004953096177, 16.52912497646031), 44.835423946380615)
Day:2 
(2, 2, 100, -403.5437130775651, 54652.0, (6.936806617796344, 13.357088867819693, 21.12004953096177, 16.52912497646031), 49.1766300201416)
Day:2 
(2, 3, 100, -393.1597932445486, 52897.0, (6.936806617796344, 13.357088867819693, 21.12004953096177, 16.52912497646031), 52.37277698516846)
Day:2 
(2, 4, 100, -373.18475554804246, 52872.0, (6.936806617796344, 13.357088867819693, 21.12004953096177, 16.52912497646031), 57.28324294090271)
Day:2 
(2, 5, 100, -372.4779365092075, 52662.0, (6.936806617796344, 13.357088867819693, 21.12004953096177, 16.52912497646031), 51.68933415412903)
Day:2 
(2, 6, 100, -377.0588721725825, 52896.0, (6.936806617796344, 13.357088867819693, 21.12004953096177, 16.52912497646031), 58.32797598838806)
Day:2 
(2, 7, 100, -378.2298299075949, 52436.0, (6.936806617796344, 13.357088867819693, 21.12004953096177, 16.52912497646031), 53.88252592086792)
Day:2 
(2, 8, 100, -376.00337084791374, 52184.0, (6.936806617796344, 13.357088867819693, 21.12004953096177, 16.52912497646031), 53.97644805908203)
Day:2 
(2, 9, 100, -375.50529165354857, 53305.0, (6.936806617796344, 13.357088867819693, 21.12004953096177, 16.52912497646031), 52.63930606842041)
Day:2 
(2, 10, 100, -376.4417864830971, 52682.0, (6.936806617796344, 13.357088867819693, 21.12004953096177, 16.52912497646031), 58.23762392997742)
Day:2 
(2, 11, 100, -377.56521141745606, 52907.0, (6.936806617796344, 13.357088867819693, 21.12004953096177, 16.52912497646031), 56.68396306037903)
Day:2 
(2, 12, 100, -376.74801288959355, 52348.0, (6.936806617796344, 13.357088867819693, 21.12004953096177, 16.52912497646031), 46.20279884338379)
Day:2 
(2, 13, 100, -378.26102077382257, 54112.0, (6.936806617796344, 13.357088867819693, 21.12004953096177, 16.52912497646031), 58.96042513847351)
Day:2 
(2, 14, 100, -354.94005360965383, 52033.0, (6.936806617796344, 13.357088867819693, 21.12004953096177, 16.52912497646031), 49.99011492729187)
Day:2 
(2, 15, 100, -354.08188492899257, 51627.0, (6.936806617796344, 13.357088867819693, 21.12004953096177, 16.52912497646031), 57.30046105384827)
Day:2 
(2, 16, 100, -357.62298723317633, 51553.0, (6.936806617796344, 13.357088867819693, 21.12004953096177, 16.52912497646031), 63.48317790031433)
Day:2 
(2, 17, 100, -352.8111619161903, 51962.0, (6.936806617796344, 13.357088867819693, 21.12004953096177, 16.52912497646031), 50.6151659488678)
Day:2 
(2, 18, 100, -352.9777309132789, 51962.0, (6.936806617796344, 13.357088867819693, 21.12004953096177, 16.52912497646031), 49.12526607513428)
Day:2 
(2, 19, 100, -350.8080172862182, 51652.0, (6.936806617796344, 13.357088867819693, 21.12004953096177, 16.52912497646031), 57.060770988464355)
Day:2 
(2, 20, 100, -353.6982555753813, 51755.0, (6.936806617796344, 13.357088867819693, 21.12004953096177, 16.52912497646031), 58.2976861000061)
Day:2 
(2, 21, 100, -352.11541798790296, 51617.0, (6.936806617796344, 13.357088867819693, 21.12004953096177, 16.52912497646031), 49.34817886352539)
Day:2 
(2, 22, 100, -352.112958291824, 51335.0, (6.936806617796344, 13.357088867819693, 21.12004953096177, 16.52912497646031), 54.2529091835022)
Day:2 
(2, 23, 100, -352.950225811355, 51284.0, (6.936806617796344, 13.357088867819693, 21.12004953096177, 16.52912497646031), 61.23152279853821)
Day:2 
(2, 24, 100, -350.0267405548962, 51736.0, (6.936806617796344, 13.357088867819693, 21.12004953096177, 16.52912497646031), 56.520809173583984)
Day:2 
(2, 25, 100, -356.0848126739633, 51447.0, (6.936806617796344, 13.357088867819693, 21.12004953096177, 16.52912497646031), 52.68923091888428)
Day:2 
(2, 26, 100, -348.5096381129622, 52192.0, (6.936806617796344, 13.357088867819693, 21.12004953096177, 16.52912497646031), 56.56815791130066)
Day:2 
(2, 27, 100, -347.8175782881891, 51640.0, (6.936806617796344, 13.357088867819693, 21.12004953096177, 16.52912497646031), 50.18132519721985)
Day:2 
(2, 28, 100, -349.0294194284711, 51522.0, (6.936806617796344, 13.357088867819693, 21.12004953096177, 16.52912497646031), 58.83178091049194)
Day:2 
(2, 29, 100, -346.982547100455, 51714.0, (6.936806617796344, 13.357088867819693, 21.12004953096177, 16.52912497646031), 59.46658492088318)
Day:2 
(2, 30, 100, -347.2450955225464, 51524.0, (6.936806617796344, 13.357088867819693, 21.12004953096177, 16.52912497646031), 51.78770613670349)
Day:2 
(2, 31, 100, -348.76171181368795, 51703.0, (6.936806617796344, 13.357088867819693, 21.12004953096177, 16.52912497646031), 46.56820487976074)
Day:2 
(2, 32, 100, -346.6001254129736, 51884.0, (6.936806617796344, 13.357088867819693, 21.12004953096177, 16.52912497646031), 52.708168029785156)
Day:2 
(2, 33, 100, -347.4786540536072, 52539.0, (6.936806617796344, 13.357088867819693, 21.12004953096177, 16.52912497646031), 54.83303713798523)
Day:2 
(2, 34, 100, -345.3563387397271, 51943.0, (6.936806617796344, 13.357088867819693, 21.12004953096177, 16.52912497646031), 50.46246385574341)
Day:2 
(2, 35, 100, -345.2118806024856, 51757.0, (6.936806617796344, 13.357088867819693, 21.12004953096177, 16.52912497646031), 56.19334697723389)
Day:2 
(2, 36, 100, -345.4666105244554, 52469.0, (6.936806617796344, 13.357088867819693, 21.12004953096177, 16.52912497646031), 54.57631206512451)
Day:2 
(2, 37, 100, -348.6406926222454, 52313.0, (6.936806617796344, 13.357088867819693, 21.12004953096177, 16.52912497646031), 55.597625970840454)
Day:2 
(2, 38, 100, -349.42024822340034, 52239.0, (6.936806617796344, 13.357088867819693, 21.12004953096177, 16.52912497646031), 57.47234010696411)
Day:2 
(2, 39, 100, -348.7052027414817, 51972.0, (6.936806617796344, 13.357088867819693, 21.12004953096177, 16.52912497646031), 56.673583984375)
Day:2 
(2, 40, 100, -349.7172708744806, 53512.0, (6.936806617796344, 13.357088867819693, 21.12004953096177, 16.52912497646031), 46.3554790019989)
Day:2 
(2, 41, 100, -334.28997192395093, 53028.0, (6.936806617796344, 13.357088867819693, 21.12004953096177, 16.52912497646031), 55.88755488395691)
Day:2 
(2, 42, 100, -336.49152279855184, 52790.0, (6.936806617796344, 13.357088867819693, 21.12004953096177, 16.52912497646031), 46.50002193450928)
Day:2 
(2, 43, 100, -334.6501349831524, 52420.0, (6.936806617796344, 13.357088867819693, 21.12004953096177, 16.52912497646031), 57.874176025390625)
Day:2 
(2, 44, 100, -334.85216649604195, 52441.0, (6.936806617796344, 13.357088867819693, 21.12004953096177, 16.52912497646031), 59.10828113555908)
Day:2 
(2, 45, 100, -335.30846173642124, 53259.0, (6.936806617796344, 13.357088867819693, 21.12004953096177, 16.52912497646031), 51.83887195587158)
Day:2 
(2, 46, 100, -339.62039906023244, 52782.0, (6.936806617796344, 13.357088867819693, 21.12004953096177, 16.52912497646031), 49.69626998901367)
Day:2 
(2, 47, 100, -334.9147586260078, 51724.0, (6.936806617796344, 13.357088867819693, 21.12004953096177, 16.52912497646031), 57.77079892158508)
Day:2 
(2, 48, 100, -335.1368133945522, 52237.0, (6.936806617796344, 13.357088867819693, 21.12004953096177, 16.52912497646031), 53.66644501686096)
Day:2 
(2, 49, 100, -336.4344619458251, 52687.0, (6.936806617796344, 13.357088867819693, 21.12004953096177, 16.52912497646031), 55.76748013496399)
Day:2 
(2, 50, 100, -332.89020669227796, 52593.0, (6.936806617796344, 13.357088867819693, 21.12004953096177, 16.52912497646031), 56.779337882995605)
Day:2 
(2, 51, 100, -332.5492600184749, 52513.0, (6.936806617796344, 13.357088867819693, 21.12004953096177, 16.52912497646031), 53.61530303955078)
Day:2 
(2, 52, 100, -333.580369640115, 51280.0, (6.936806617796344, 13.357088867819693, 21.12004953096177, 16.52912497646031), 47.74734807014465)
Day:2 
(2, 53, 100, -334.22966171880614, 51547.0, (6.936806617796344, 13.357088867819693, 21.12004953096177, 16.52912497646031), 61.06202483177185)
Day:2 
(2, 54, 100, -330.98967258639914, 52153.0, (6.936806617796344, 13.357088867819693, 21.12004953096177, 16.52912497646031), 60.37022805213928)
Day:2 
(2, 55, 100, -330.1135200154522, 51805.0, (6.936806617796344, 13.357088867819693, 21.12004953096177, 16.52912497646031), 59.037338972091675)
Day:2 
(2, 56, 100, -329.47249153925384, 51720.0, (6.936806617796344, 13.357088867819693, 21.12004953096177, 16.52912497646031), 82.39945411682129)
Day:2 
(2, 57, 100, -327.67092065146767, 51545.0, (6.936806617796344, 13.357088867819693, 21.12004953096177, 16.52912497646031), 71.66087794303894)
Day:2 
(2, 58, 100, -328.508875914189, 51733.0, (6.936806617796344, 13.357088867819693, 21.12004953096177, 16.52912497646031), 71.19790291786194)
Day:2 
(2, 59, 100, -328.748607660533, 52049.0, (6.936806617796344, 13.357088867819693, 21.12004953096177, 16.52912497646031), 63.21755909919739)
Day:2 
(2, 60, 100, -329.5100649980568, 52102.0, (6.936806617796344, 13.357088867819693, 21.12004953096177, 16.52912497646031), 61.24347805976868)
Day:2 
(2, 61, 100, -329.97607905658816, 51952.0, (6.936806617796344, 13.357088867819693, 21.12004953096177, 16.52912497646031), 57.008898973464966)
Day:2 
(2, 62, 100, -329.66724205681015, 51605.0, (6.936806617796344, 13.357088867819693, 21.12004953096177, 16.52912497646031), 65.70420408248901)
Day:2 
(2, 63, 100, -326.8879878634338, 51388.0, (6.936806617796344, 13.357088867819693, 21.12004953096177, 16.52912497646031), 52.07429480552673)
Day:2 
(2, 64, 100, -326.9303188074768, 51343.0, (6.936806617796344, 13.357088867819693, 21.12004953096177, 16.52912497646031), 75.4434700012207)
Day:2 
(2, 65, 100, -328.4599881878715, 51001.0, (6.936806617796344, 13.357088867819693, 21.12004953096177, 16.52912497646031), 59.50104308128357)
Day:2 
(2, 66, 100, -325.83435582823694, 51763.0, (6.936806617796344, 13.357088867819693, 21.12004953096177, 16.52912497646031), 63.44913601875305)
Day:2 
(2, 67, 100, -326.26455858518347, 51228.0, (6.936806617796344, 13.357088867819693, 21.12004953096177, 16.52912497646031), 58.59673190116882)
Day:2 
(2, 68, 100, -326.54147188568794, 51466.0, (6.936806617796344, 13.357088867819693, 21.12004953096177, 16.52912497646031), 57.8321750164032)
Day:2 
(2, 69, 100, -326.65886077646195, 51684.0, (6.936806617796344, 13.357088867819693, 21.12004953096177, 16.52912497646031), 55.099498987197876)
Day:2 
(2, 70, 100, -326.8775761924166, 52052.0, (6.936806617796344, 13.357088867819693, 21.12004953096177, 16.52912497646031), 55.74129605293274)
Day:2 
(2, 71, 100, -328.8703066707931, 52068.0, (6.936806617796344, 13.357088867819693, 21.12004953096177, 16.52912497646031), 46.88881802558899)
Day:2 
(2, 72, 100, -329.50771775025083, 51782.0, (6.936806617796344, 13.357088867819693, 21.12004953096177, 16.52912497646031), 48.53968906402588)
Day:2 
(2, 73, 100, -329.78317949404885, 51879.0, (6.936806617796344, 13.357088867819693, 21.12004953096177, 16.52912497646031), 50.14113688468933)
Day:2 
(2, 74, 100, -329.3816864710475, 51696.0, (6.936806617796344, 13.357088867819693, 21.12004953096177, 16.52912497646031), 54.63680100440979)
Day:2 
(2, 75, 100, -328.66909727382193, 52438.0, (6.936806617796344, 13.357088867819693, 21.12004953096177, 16.52912497646031), 53.306687116622925)
Day:2 
(2, 76, 100, -326.76823745946007, 52420.0, (6.936806617796344, 13.357088867819693, 21.12004953096177, 16.52912497646031), 57.184617042541504)
Day:2 
(2, 77, 100, -325.8775872179268, 51847.0, (6.936806617796344, 13.357088867819693, 21.12004953096177, 16.52912497646031), 51.830442905426025)
Day:2 
(2, 78, 100, -328.69951448803, 51977.0, (6.936806617796344, 13.357088867819693, 21.12004953096177, 16.52912497646031), 56.011094093322754)
Day:2 
(2, 79, 100, -326.73636592164854, 52196.0, (6.936806617796344, 13.357088867819693, 21.12004953096177, 16.52912497646031), 47.9832558631897)
Day:2 
(2, 80, 100, -327.83035479631644, 51792.0, (6.936806617796344, 13.357088867819693, 21.12004953096177, 16.52912497646031), 50.85498905181885)
Day:2 
(2, 81, 100, -326.1069781677498, 51755.0, (6.936806617796344, 13.357088867819693, 21.12004953096177, 16.52912497646031), 52.45624303817749)
Day:2 
(2, 82, 100, -329.01352013335537, 52624.0, (6.936806617796344, 13.357088867819693, 21.12004953096177, 16.52912497646031), 68.02283382415771)
Day:2 
(2, 83, 100, -327.2054308379834, 51606.0, (6.936806617796344, 13.357088867819693, 21.12004953096177, 16.52912497646031), 69.43473720550537)
Day:2 
(2, 84, 100, -326.3372813722155, 52127.0, (6.936806617796344, 13.357088867819693, 21.12004953096177, 16.52912497646031), 57.67858290672302)
Day:2 
(2, 85, 100, -331.08754847644235, 52952.0, (6.936806617796344, 13.357088867819693, 21.12004953096177, 16.52912497646031), 68.41426610946655)
Day:2 
(2, 86, 100, -325.9439067982033, 52172.0, (6.936806617796344, 13.357088867819693, 21.12004953096177, 16.52912497646031), 66.9439640045166)
Day:2 
(2, 87, 100, -325.82014147104354, 52508.0, (6.936806617796344, 13.357088867819693, 21.12004953096177, 16.52912497646031), 63.429768800735474)
Day:2 
(2, 88, 100, -327.4901095321659, 52534.0, (6.936806617796344, 13.357088867819693, 21.12004953096177, 16.52912497646031), 70.05551099777222)
Day:2 
(2, 89, 100, -324.01275856464997, 46115.0, (6.936806617796344, 13.357088867819693, 21.12004953096177, 16.52912497646031), 63.328145027160645)
Day:2 
(2, 90, 100, -323.1004331803777, 45670.0, (6.936806617796344, 13.357088867819693, 21.12004953096177, 16.52912497646031), 64.03055715560913)
Day:2 
(2, 91, 100, -320.89029358437614, 45255.0, (6.936806617796344, 13.357088867819693, 21.12004953096177, 16.52912497646031), 62.44727087020874)
Day:2 
(2, 92, 100, -314.98817545799744, 44859.0, (6.936806617796344, 13.357088867819693, 21.12004953096177, 16.52912497646031), 55.9285089969635)
Day:2 
(2, 93, 100, -310.4153271858785, 44600.0, (6.936806617796344, 13.357088867819693, 21.12004953096177, 16.52912497646031), 68.18362593650818)
Day:2 
(2, 94, 100, -311.62885785590527, 44468.0, (6.936806617796344, 13.357088867819693, 21.12004953096177, 16.52912497646031), 63.17713212966919)
Day:2 
(2, 95, 100, -313.9197747814996, 44431.0, (6.936806617796344, 13.357088867819693, 21.12004953096177, 16.52912497646031), 69.47284293174744)
Day:2 
(2, 96, 100, -314.5772361064331, 44820.0, (6.936806617796344, 13.357088867819693, 21.12004953096177, 16.52912497646031), 71.3475661277771)
Day:2 
(2, 97, 100, -313.4970450721658, 43825.0, (6.936806617796344, 13.357088867819693, 21.12004953096177, 16.52912497646031), 58.32932090759277)
Day:2 
(2, 98, 100, -311.5159316038533, 44288.0, (6.936806617796344, 13.357088867819693, 21.12004953096177, 16.52912497646031), 58.01777505874634)
Day:2 
(2, 99, 100, -316.3487514638985, 44293.0, (6.936806617796344, 13.357088867819693, 21.12004953096177, 16.52912497646031), 52.180245876312256)
Day:2 
(2, 100, 100, -314.23682979061476, 44048.0, (6.936806617796344, 13.357088867819693, 21.12004953096177, 16.52912497646031), 51.909478187561035)