
Day:1 
(1, 0, 100, -22795154.238306813, 1314009916321.0, (21.415036401200158, 2.7106870613076053, 1.560974532336364, 0.3420113254200958), 4.318979978561401)
Day:1 
(1, 1, 100, -60808.290183788464, 3653082301.0, (21.415036401200158, 2.7106870613076053, 0.06325825712479871, 13.194416256605557), 7.919838190078735)
Day:1 
(1, 2, 100, -33469.32647254457, 43672096.0, (21.415036401200158, 0.4088451757988232, 0.06325825712479871, 13.194416256605557), 8.08306884765625)
Day:1 
(1, 3, 100, -32895.80908048737, 43665969.0, (21.415036401200158, 0.4088451757988232, 0.06325825712479871, 13.194416256605557), 8.31898808479309)
Day:1 
(1, 4, 100, -31053.59800614266, 44322848.0, (21.415036401200158, 0.4088451757988232, 0.06325825712479871, 13.194416256605557), 8.415320873260498)
Day:1 
(1, 5, 100, -31001.347467941378, 45262770.0, (21.415036401200158, 0.4088451757988232, 0.06325825712479871, 13.194416256605557), 8.401839017868042)
Day:1 
(1, 6, 100, -31001.26781214404, 46014338.0, (21.415036401200158, 0.4088451757988232, 0.06325825712479871, 13.194416256605557), 8.393750190734863)
Day:1 
(1, 7, 100, -30560.372221241123, 46016711.0, (21.415036401200158, 0.4088451757988232, 0.06325825712479871, 13.194416256605557), 8.429561853408813)
Day:1 
(1, 8, 100, -30556.907689657077, 44274023.0, (21.415036401200158, 0.4088451757988232, 0.06325825712479871, 13.194416256605557), 8.449661016464233)
Day:1 
(1, 9, 100, -30554.528566282213, 43363600.0, (21.415036401200158, 0.4088451757988232, 0.06325825712479871, 13.194416256605557), 8.63482403755188)
Day:1 
(1, 10, 100, -30552.14901910255, 43330079.0, (21.415036401200158, 0.4088451757988232, 0.06325825712479871, 13.194416256605557), 8.465475082397461)
Day:1 
(1, 11, 100, -27370.33433395512, 45396514.0, (21.415036401200158, 0.4088451757988232, 0.06325825712479871, 13.194416256605557), 8.488361835479736)
Day:1 
(1, 12, 100, -27370.244675447044, 43420730.0, (21.415036401200158, 0.4088451757988232, 0.06325825712479871, 13.194416256605557), 8.500334978103638)
Day:1 
(1, 13, 100, -24966.455696907644, 43418921.0, (21.415036401200158, 0.4088451757988232, 0.06325825712479871, 13.194416256605557), 8.511941194534302)
Day:1 
(1, 14, 100, -24833.665118023677, 43418896.0, (21.415036401200158, 0.4088451757988232, 0.06325825712479871, 13.194416256605557), 8.517273902893066)
Day:1 
(1, 15, 100, -24833.935986075474, 43249971.0, (21.415036401200158, 0.4088451757988232, 0.06325825712479871, 13.194416256605557), 8.554898023605347)
Day:1 
(1, 16, 100, -24204.049936797815, 43249848.0, (21.415036401200158, 0.4088451757988232, 0.06325825712479871, 13.194416256605557), 8.572856903076172)
Day:1 
(1, 17, 100, -24043.772196917937, 44421936.0, (21.415036401200158, 0.4088451757988232, 0.06325825712479871, 13.194416256605557), 8.585803031921387)
Day:1 
(1, 18, 100, -24046.83720291564, 44422755.0, (21.415036401200158, 0.4088451757988232, 0.06325825712479871, 13.194416256605557), 8.590879917144775)
Day:1 
(1, 19, 100, -24027.21527437823, 45334576.0, (21.415036401200158, 0.4088451757988232, 0.06325825712479871, 13.194416256605557), 8.619231224060059)
Day:1 
(1, 20, 100, -24026.489256213095, 46498192.0, (21.415036401200158, 0.4088451757988232, 0.06325825712479871, 13.194416256605557), 8.641623973846436)
Day:1 
(1, 21, 100, -24025.526464803293, 44132392.0, (21.415036401200158, 0.4088451757988232, 0.06325825712479871, 13.194416256605557), 8.651007890701294)
Day:1 
(1, 22, 100, -24025.63623925686, 44588047.0, (21.415036401200158, 0.4088451757988232, 0.06325825712479871, 13.194416256605557), 8.762512922286987)
Day:1 
(1, 23, 100, -24026.058325434253, 42869296.0, (21.415036401200158, 0.4088451757988232, 0.06325825712479871, 13.194416256605557), 8.64366602897644)
Day:1 
(1, 24, 100, -23813.503408142806, 44526221.0, (21.415036401200158, 0.4088451757988232, 0.06325825712479871, 13.194416256605557), 8.650204181671143)
Day:1 
(1, 25, 100, -23813.614493438876, 45589104.0, (21.415036401200158, 0.4088451757988232, 0.06325825712479871, 13.194416256605557), 8.789822816848755)
Day:1 
(1, 26, 100, -23792.11049448854, 45885785.0, (21.415036401200158, 0.4088451757988232, 0.06325825712479871, 13.194416256605557), 8.745136976242065)
Day:1 
(1, 27, 100, -23796.512228307936, 52849392.0, (21.415036401200158, 0.4088451757988232, 0.06325825712479871, 13.194416256605557), 8.764572143554688)
Day:1 
(1, 28, 100, -23793.658418085823, 47426913.0, (21.415036401200158, 0.4088451757988232, 0.06325825712479871, 13.194416256605557), 8.628391027450562)
Day:1 
(1, 29, 100, -23795.89067952304, 44032100.0, (21.415036401200158, 0.4088451757988232, 0.06325825712479871, 13.194416256605557), 8.825415849685669)
Day:1 
(1, 30, 100, -23792.296286196102, 42636477.0, (21.415036401200158, 0.4088451757988232, 0.06325825712479871, 13.194416256605557), 8.6561861038208)
Day:1 
(1, 31, 100, -23785.810958727092, 43300594.0, (21.415036401200158, 0.4088451757988232, 0.06325825712479871, 13.194416256605557), 8.634800910949707)
Day:1 
(1, 32, 100, -23785.93603467086, 42921642.0, (21.415036401200158, 0.4088451757988232, 0.06325825712479871, 13.194416256605557), 8.650532960891724)
Day:1 
(1, 33, 100, -23786.784406162205, 42921890.0, (21.415036401200158, 0.4088451757988232, 0.06325825712479871, 13.194416256605557), 8.65311312675476)
Day:1 
(1, 34, 100, -23786.28824256508, 42921762.0, (21.415036401200158, 0.4088451757988232, 0.06325825712479871, 13.194416256605557), 8.670439958572388)
Day:1 
(1, 35, 100, -23786.602188819485, 45603597.0, (21.415036401200158, 0.4088451757988232, 0.06325825712479871, 13.194416256605557), 8.691396951675415)
Day:1 
(1, 36, 100, -23786.01393238774, 43959933.0, (21.415036401200158, 0.4088451757988232, 0.06325825712479871, 13.194416256605557), 8.684314966201782)
Day:1 
(1, 37, 100, -23787.358976164298, 42650493.0, (21.415036401200158, 0.4088451757988232, 0.06325825712479871, 13.194416256605557), 8.708154201507568)
Day:1 
(1, 38, 100, -23786.946955775307, 46302848.0, (21.415036401200158, 0.4088451757988232, 0.06325825712479871, 13.194416256605557), 8.783046007156372)
Day:1 
(1, 39, 100, -23779.19089582407, 45192267.0, (21.415036401200158, 0.4088451757988232, 0.06325825712479871, 13.194416256605557), 8.679067850112915)
Day:1 
(1, 40, 100, -23778.735970627826, 43693588.0, (21.415036401200158, 0.4088451757988232, 0.06325825712479871, 13.194416256605557), 8.688435077667236)
Day:1 
(1, 41, 100, -23779.080858717203, 42850952.0, (21.415036401200158, 0.4088451757988232, 0.06325825712479871, 13.194416256605557), 8.690418004989624)
Day:1 
(1, 42, 100, -23780.02778419526, 42580472.0, (21.415036401200158, 0.4088451757988232, 0.06325825712479871, 13.194416256605557), 8.692182064056396)
Day:1 
(1, 43, 100, -23780.231767754132, 44211419.0, (21.415036401200158, 0.4088451757988232, 0.06325825712479871, 13.194416256605557), 8.715604782104492)
Day:1 
(1, 44, 100, -23779.105606276356, 43185484.0, (21.415036401200158, 0.4088451757988232, 0.06325825712479871, 13.194416256605557), 8.701037168502808)
Day:1 
(1, 45, 100, -23779.105606276356, 43185484.0, (21.415036401200158, 0.4088451757988232, 0.06325825712479871, 13.194416256605557), 8.713120937347412)
Day:1 
(1, 46, 100, -23783.748173473217, 44036632.0, (21.415036401200158, 0.4088451757988232, 0.06325825712479871, 13.194416256605557), 8.69502592086792)
Day:1 
(1, 47, 100, -23780.629580242374, 47298313.0, (21.415036401200158, 0.4088451757988232, 0.06325825712479871, 13.194416256605557), 8.791519165039062)
Day:1 
(1, 48, 100, -23779.569188702666, 45231112.0, (21.415036401200158, 0.4088451757988232, 0.06325825712479871, 13.194416256605557), 8.830456972122192)
Day:1 
(1, 49, 100, -23781.68021929121, 42844796.0, (21.415036401200158, 0.4088451757988232, 0.06325825712479871, 13.194416256605557), 8.73324990272522)
Day:1 
(1, 50, 100, -23782.23240379993, 42844875.0, (21.415036401200158, 0.4088451757988232, 0.06325825712479871, 13.194416256605557), 8.742932081222534)
Day:1 
(1, 51, 100, -23782.10300924074, 43872363.0, (21.415036401200158, 0.4088451757988232, 0.06325825712479871, 13.194416256605557), 8.793032884597778)
Day:1 
(1, 52, 100, -23779.505101213046, 42652369.0, (21.415036401200158, 0.4088451757988232, 0.06325825712479871, 13.194416256605557), 9.120489120483398)
Day:1 
(1, 53, 100, -23779.506772739627, 45083084.0, (21.415036401200158, 0.4088451757988232, 0.06325825712479871, 13.194416256605557), 8.77856993675232)
Day:1 
(1, 54, 100, -23779.77876261417, 45693512.0, (21.415036401200158, 0.4088451757988232, 0.06325825712479871, 13.194416256605557), 8.807944059371948)
Day:1 
(1, 55, 100, -23779.573408007436, 45240913.0, (21.415036401200158, 0.4088451757988232, 0.06325825712479871, 13.194416256605557), 8.779531002044678)
Day:1 
(1, 56, 100, -23779.08940724451, 43612172.0, (21.415036401200158, 0.4088451757988232, 0.06325825712479871, 13.194416256605557), 8.79144287109375)
Day:1 
(1, 57, 100, -23779.08940724451, 43612172.0, (21.415036401200158, 0.4088451757988232, 0.06325825712479871, 13.194416256605557), 8.810564994812012)
Day:1 
(1, 58, 100, -23778.95330750204, 42891384.0, (21.415036401200158, 0.4088451757988232, 0.06325825712479871, 13.194416256605557), 8.791285037994385)
Day:1 
(1, 59, 100, -23778.61636541227, 43801881.0, (21.415036401200158, 0.4088451757988232, 0.06325825712479871, 13.194416256605557), 8.786563158035278)
Day:1 
(1, 60, 100, -23779.67342340203, 46468185.0, (21.415036401200158, 0.4088451757988232, 0.06325825712479871, 13.194416256605557), 8.785629987716675)
Day:1 
(1, 61, 100, -23780.003631733376, 47070444.0, (21.415036401200158, 0.4088451757988232, 0.06325825712479871, 13.194416256605557), 8.734457015991211)
Day:1 
(1, 62, 100, -23778.94641275892, 44923785.0, (21.415036401200158, 0.4088451757988232, 0.06325825712479871, 13.194416256605557), 8.702375888824463)
Day:1 
(1, 63, 100, -23779.09861406872, 45290060.0, (21.415036401200158, 0.4088451757988232, 0.06325825712479871, 13.194416256605557), 8.729978084564209)
Day:1 
(1, 64, 100, -23778.635930141452, 43913160.0, (21.415036401200158, 0.4088451757988232, 0.06325825712479871, 13.194416256605557), 8.746030807495117)
Day:1 
(1, 65, 100, -23778.635930141452, 43913160.0, (21.415036401200158, 0.4088451757988232, 0.06325825712479871, 13.194416256605557), 8.777936220169067)
Day:1 
(1, 66, 100, -23778.62654555032, 43862604.0, (21.415036401200158, 0.4088451757988232, 0.06325825712479871, 13.194416256605557), 8.818266868591309)
Day:1 
(1, 67, 100, -23759.104291157313, 45202437.0, (21.415036401200158, 0.4088451757988232, 0.06325825712479871, 13.194416256605557), 8.815376996994019)
Day:1 
(1, 68, 100, -23758.123051792147, 43335291.0, (21.415036401200158, 0.4088451757988232, 0.06325825712479871, 13.194416256605557), 8.820281982421875)
Day:1 
(1, 69, 100, -23758.267662800612, 42808716.0, (21.415036401200158, 0.4088451757988232, 0.06325825712479871, 13.194416256605557), 8.922765970230103)
Day:1 
(1, 70, 100, -23758.140449194, 43643276.0, (21.415036401200158, 0.4088451757988232, 0.06325825712479871, 13.194416256605557), 8.871898174285889)
Day:1 
(1, 71, 100, -23757.992058528773, 43643168.0, (21.415036401200158, 0.4088451757988232, 0.06325825712479871, 13.194416256605557), 8.82775092124939)
Day:1 
(1, 72, 100, -23758.17887931708, 44422671.0, (21.415036401200158, 0.4088451757988232, 0.06325825712479871, 13.194416256605557), 8.907716035842896)
Day:1 
(1, 73, 100, -23758.267865266836, 44677656.0, (21.415036401200158, 0.4088451757988232, 0.06325825712479871, 13.194416256605557), 8.91212797164917)
Day:1 
(1, 74, 100, -23758.244378106854, 44613152.0, (21.415036401200158, 0.4088451757988232, 0.06325825712479871, 13.194416256605557), 8.811614036560059)
Day:1 
(1, 75, 100, -23758.217882663197, 44538168.0, (21.415036401200158, 0.4088451757988232, 0.06325825712479871, 13.194416256605557), 8.812505006790161)
Day:1 
(1, 76, 100, -23758.063343150727, 44021352.0, (21.415036401200158, 0.4088451757988232, 0.06325825712479871, 13.194416256605557), 8.817734956741333)
Day:1 
(1, 77, 100, -23758.054503642208, 42926463.0, (21.415036401200158, 0.4088451757988232, 0.06325825712479871, 13.194416256605557), 8.820010900497437)
Day:1 
(1, 78, 100, -23758.054503642208, 42926463.0, (21.415036401200158, 0.4088451757988232, 0.06325825712479871, 13.194416256605557), 8.846678018569946)
Day:1 
(1, 79, 100, -23758.054503642208, 42926463.0, (21.415036401200158, 0.4088451757988232, 0.06325825712479871, 13.194416256605557), 8.858361005783081)
Day:1 
(1, 80, 100, -23758.568930158577, 45403152.0, (21.415036401200158, 0.4088451757988232, 0.06325825712479871, 13.194416256605557), 8.858435153961182)
Day:1 
(1, 81, 100, -23759.69632925298, 47527176.0, (21.415036401200158, 0.4088451757988232, 0.06325825712479871, 13.194416256605557), 8.868770837783813)
Day:1 
(1, 82, 100, -23758.402615180425, 45021048.0, (21.415036401200158, 0.4088451757988232, 0.06325825712479871, 13.194416256605557), 8.886046171188354)
Day:1 
(1, 83, 100, -23758.208851544372, 42704063.0, (21.415036401200158, 0.4088451757988232, 0.06325825712479871, 13.194416256605557), 8.887188911437988)
Day:1 
(1, 84, 100, -23697.5808511116, 42142748.0, (21.415036401200158, 0.4088451757988232, 0.06325825712479871, 13.194416256605557), 9.236654043197632)
Day:1 
(1, 85, 100, -23463.02842909852, 43177388.0, (21.415036401200158, 0.4088451757988232, 0.06325825712479871, 13.194416256605557), 8.88435983657837)
Day:1 
(1, 86, 100, -23463.19603926325, 43844087.0, (21.415036401200158, 0.4088451757988232, 0.06325825712479871, 13.194416256605557), 8.905281066894531)
Day:1 
(1, 87, 100, -23463.19231936531, 42182167.0, (21.415036401200158, 0.4088451757988232, 0.06325825712479871, 13.194416256605557), 9.098978996276855)
Day:1 
(1, 88, 100, -21111.200178754665, 42181682.0, (21.415036401200158, 0.4088451757988232, 0.06325825712479871, 13.194416256605557), 8.950853109359741)
Day:1 
(1, 89, 100, -21113.618490648605, 42383919.0, (21.415036401200158, 0.4088451757988232, 0.06325825712479871, 13.194416256605557), 8.93218994140625)
Day:1 
(1, 90, 100, -21111.01075804714, 42673278.0, (21.415036401200158, 0.4088451757988232, 0.06325825712479871, 13.194416256605557), 8.925709009170532)
Day:1 
(1, 91, 100, -21112.536946418844, 46638239.0, (21.415036401200158, 0.4088451757988232, 0.06325825712479871, 13.194416256605557), 8.92534589767456)
Day:1 
(1, 92, 100, -20934.946298412946, 42386072.0, (21.415036401200158, 0.4088451757988232, 0.06325825712479871, 13.194416256605557), 8.887284994125366)
Day:1 
(1, 93, 100, -20934.883193591577, 42985819.0, (21.415036401200158, 0.4088451757988232, 0.06325825712479871, 13.194416256605557), 8.867208003997803)
Day:1 
(1, 94, 100, -20936.517126099214, 42053501.0, (21.415036401200158, 0.4088451757988232, 0.06325825712479871, 13.194416256605557), 8.870398998260498)
Day:1 
(1, 95, 100, -20934.85298336391, 42709253.0, (21.415036401200158, 0.4088451757988232, 0.06325825712479871, 13.194416256605557), 8.873990058898926)
Day:1 
(1, 96, 100, -20934.87264032738, 42864145.0, (21.415036401200158, 0.4088451757988232, 0.06325825712479871, 13.194416256605557), 8.88438606262207)
Day:1 
(1, 97, 100, -20935.057946963996, 43801609.0, (21.415036401200158, 0.4088451757988232, 0.06325825712479871, 13.194416256605557), 8.90397596359253)
Day:1 
(1, 98, 100, -20935.15244186373, 42101841.0, (21.415036401200158, 0.4088451757988232, 0.06325825712479871, 13.194416256605557), 8.917901039123535)
Day:1 
(1, 99, 100, -20936.21381888987, 46301020.0, (21.415036401200158, 0.4088451757988232, 0.06325825712479871, 13.194416256605557), 8.94382095336914)
Day:1 
(1, 100, 100, -20935.336846672824, 42652299.0, (21.415036401200158, 0.4088451757988232, 0.06325825712479871, 13.194416256605557), 8.927448987960815)
Day:2 
(2, 0, 100, -7139107.986626271, 1045758975513.0, (21.415036401200158, 0.4088451757988232, 0.06325825712479871, 13.194416256605557), 17.886101961135864)
Day:2 
(2, 1, 100, -3182871.5043844297, 286223101822.0, (21.415036401200158, 8.454590810022282, 3.5546116945681225, 13.194416256605557), 247.19054198265076)
Day:2 
(2, 2, 100, -3072242.7255035066, 362348302498.0, (21.415036401200158, 8.454590810022282, 9.644298611349472, 13.194416256605557), 247.93506002426147)
Day:2 
(2, 3, 100, -1794697.6660007169, 426627164731.0, (21.415036401200158, 3.29622552074927, 7.591668313914704, 13.194416256605557), 184.33592915534973)
Day:2 
(2, 4, 100, -1545826.3333068828, 332764862866.0, (21.415036401200158, 3.29622552074927, 7.591668313914704, 12.707656529512736), 222.4528739452362)
Day:2 
(2, 5, 100, -1430855.892489927, 207866390769.0, (21.415036401200158, 3.29622552074927, 4.528427954184514, 12.707656529512736), 224.44846200942993)
Day:2 
(2, 6, 100, -1427375.6182072891, 207866397411.0, (21.415036401200158, 3.29622552074927, 4.528427954184514, 12.707656529512736), 226.20973587036133)
Day:2 
(2, 7, 100, -1426973.9539130123, 207863930993.0, (21.415036401200158, 3.29622552074927, 4.528427954184514, 12.707656529512736), 263.42619013786316)
Day:2 
(2, 8, 100, -1426017.004220845, 207863933020.0, (21.415036401200158, 3.29622552074927, 4.528427954184514, 12.707656529512736), 237.60262799263)
Day:2 
(2, 9, 100, -1408445.6894019903, 182428746770.0, (22.066277402675997, 3.29622552074927, 4.528427954184514, 12.707656529512736), 257.49660301208496)
Day:2 
(2, 10, 100, -1407655.821841567, 182340897658.0, (22.066277402675997, 3.29622552074927, 4.528427954184514, 12.707656529512736), 264.9946389198303)
Day:2 
(2, 11, 100, -1398657.3941186534, 182435813219.0, (22.066277402675997, 3.29622552074927, 4.528427954184514, 12.707656529512736), 253.91276001930237)
Day:2 
(2, 12, 100, -1398155.826949197, 182435813629.0, (22.066277402675997, 3.29622552074927, 4.528427954184514, 12.707656529512736), 254.57192301750183)
Day:2 
(2, 13, 100, -1396412.3101033897, 182435740115.0, (22.066277402675997, 3.29622552074927, 4.528427954184514, 12.707656529512736), 241.4208788871765)
Day:2 
(2, 14, 100, -1396236.1519637404, 182435739453.0, (22.066277402675997, 3.29622552074927, 4.528427954184514, 12.707656529512736), 266.5110321044922)
Day:2 
(2, 15, 100, -1393292.9112761482, 182435819144.0, (22.066277402675997, 3.29622552074927, 4.528427954184514, 12.707656529512736), 286.4216868877411)
Day:2 
(2, 16, 100, -1390491.8696242266, 182424773776.0, (22.066277402675997, 3.29622552074927, 4.528427954184514, 12.707656529512736), 247.9828610420227)
Day:2 
(2, 17, 100, -1388487.5279189562, 182322468719.0, (22.066277402675997, 3.29622552074927, 4.528427954184514, 12.707656529512736), 257.9843521118164)
Day:2 
(2, 18, 100, -1387888.528849389, 182323011361.0, (22.066277402675997, 3.29622552074927, 4.528427954184514, 12.707656529512736), 264.02331495285034)
Day:2 
(2, 19, 100, -1385893.472807859, 182333836913.0, (22.066277402675997, 3.29622552074927, 4.528427954184514, 12.707656529512736), 262.8670210838318)
Day:2 
(2, 20, 100, -1382302.5702596302, 182333456490.0, (22.066277402675997, 3.29622552074927, 4.528427954184514, 12.707656529512736), 239.76036882400513)
Day:2 
(2, 21, 100, -1382146.2801117334, 182333143932.0, (22.066277402675997, 3.29622552074927, 4.528427954184514, 12.707656529512736), 254.4331760406494)
Day:2 
(2, 22, 100, -1379584.9618720706, 182332661543.0, (22.066277402675997, 3.29622552074927, 4.528427954184514, 12.707656529512736), 252.71515798568726)
Day:2 
(2, 23, 100, -1379176.2310936244, 182332664914.0, (22.066277402675997, 3.29622552074927, 4.528427954184514, 12.707656529512736), 251.01009106636047)
Day:2 
(2, 24, 100, -1375556.3883880635, 182332675226.0, (22.066277402675997, 3.29622552074927, 4.528427954184514, 12.707656529512736), 251.40743803977966)
Day:2 
(2, 25, 100, -1375373.252758273, 182326257885.0, (22.066277402675997, 3.29622552074927, 4.528427954184514, 12.707656529512736), 255.38615894317627)
Day:2 
(2, 26, 100, -1374976.027999905, 182326236844.0, (22.066277402675997, 3.29622552074927, 4.528427954184514, 12.707656529512736), 258.97189807891846)
Day:2 
(2, 27, 100, -1371211.3055798085, 182329223562.0, (22.066277402675997, 3.29622552074927, 4.528427954184514, 12.707656529512736), 222.109601020813)
Day:2 
(2, 28, 100, -1370589.4544467947, 182329236878.0, (22.066277402675997, 3.29622552074927, 4.528427954184514, 12.707656529512736), 260.5634078979492)
Day:2 
(2, 29, 100, -1370342.9017995277, 182329418505.0, (22.066277402675997, 3.29622552074927, 4.528427954184514, 12.707656529512736), 246.65727996826172)
Day:2 
(2, 30, 100, -1370146.7358044367, 182329266823.0, (22.066277402675997, 3.29622552074927, 4.528427954184514, 12.707656529512736), 239.6615719795227)
Day:2 
(2, 31, 100, -1370146.5652624632, 182329266760.0, (22.066277402675997, 3.29622552074927, 4.528427954184514, 12.707656529512736), 262.67526412010193)
Day:2 
(2, 32, 100, -1367605.6912307832, 182329267898.0, (22.066277402675997, 3.29622552074927, 4.528427954184514, 12.707656529512736), 243.31378483772278)
Day:2 
(2, 33, 100, -1366517.8037020892, 182329333258.0, (22.066277402675997, 3.29622552074927, 4.528427954184514, 12.707656529512736), 234.97592306137085)
Day:2 
(2, 34, 100, -1362822.4125606448, 182329274186.0, (22.066277402675997, 3.29622552074927, 4.528427954184514, 12.707656529512736), 249.08025693893433)
Day:2 
(2, 35, 100, -1362724.1693261338, 182327248008.0, (22.066277402675997, 3.29622552074927, 4.528427954184514, 12.707656529512736), 258.37073397636414)
Day:2 
(2, 36, 100, -1361978.1819254893, 182327201896.0, (22.066277402675997, 3.29622552074927, 4.528427954184514, 12.707656529512736), 258.41290616989136)
Day:2 
(2, 37, 100, -1361825.167336934, 182327201673.0, (22.066277402675997, 3.29622552074927, 4.528427954184514, 12.707656529512736), 237.8146460056305)
Day:2 
(2, 38, 100, -1361361.4805138533, 182326342335.0, (22.066277402675997, 3.29622552074927, 4.528427954184514, 12.707656529512736), 268.17861700057983)
Day:2 
(2, 39, 100, -1361179.8723074647, 182324673750.0, (22.066277402675997, 3.29622552074927, 4.528427954184514, 12.707656529512736), 269.5832669734955)
Day:2 
(2, 40, 100, -1361063.4260390524, 182324674610.0, (22.066277402675997, 3.29622552074927, 4.528427954184514, 12.707656529512736), 250.63512587547302)
Day:2 
(2, 41, 100, -1360845.813226808, 182282203385.0, (22.066277402675997, 3.29622552074927, 4.528427954184514, 12.707656529512736), 243.07632207870483)
Day:2 
(2, 42, 100, -1360060.4175217128, 182282203100.0, (22.066277402675997, 3.29622552074927, 4.528427954184514, 12.707656529512736), 269.0107729434967)
Day:2 
(2, 43, 100, -1360060.6074739462, 182282304369.0, (22.066277402675997, 3.29622552074927, 4.528427954184514, 12.707656529512736), 272.4200050830841)
Day:2 
(2, 44, 100, -1360004.4317774188, 182295217527.0, (22.066277402675997, 3.29622552074927, 4.528427954184514, 12.707656529512736), 280.7562680244446)
Day:2 
(2, 45, 100, -1359757.187687755, 182295211074.0, (22.066277402675997, 3.29622552074927, 4.528427954184514, 12.707656529512736), 286.8473320007324)
Day:2 
(2, 46, 100, -1359059.4567650794, 182295209874.0, (22.066277402675997, 3.29622552074927, 4.528427954184514, 12.707656529512736), 251.7281038761139)
Day:2 
(2, 47, 100, -1359055.579860223, 182295209749.0, (22.066277402675997, 3.29622552074927, 4.528427954184514, 12.707656529512736), 275.63691902160645)
Day:2 
(2, 48, 100, -1358914.0001345514, 182295221011.0, (22.066277402675997, 3.29622552074927, 4.528427954184514, 12.707656529512736), 253.8954360485077)
Day:2 
(2, 49, 100, -1358557.7304130394, 182295219041.0, (22.066277402675997, 3.29622552074927, 4.528427954184514, 12.707656529512736), 274.2902500629425)
Day:2 
(2, 50, 100, -1358557.7304130394, 182295219041.0, (22.066277402675997, 3.29622552074927, 4.528427954184514, 12.707656529512736), 289.09953784942627)
Day:2 
(2, 51, 100, -1358560.8880050457, 182295219296.0, (22.066277402675997, 3.29622552074927, 4.528427954184514, 12.707656529512736), 245.04366612434387)
Day:2 
(2, 52, 100, -1358528.17688546, 182295219262.0, (22.066277402675997, 3.29622552074927, 4.528427954184514, 12.707656529512736), 271.52576088905334)
Day:2 
(2, 53, 100, -1356884.721748235, 182295149944.0, (22.066277402675997, 3.29622552074927, 4.528427954184514, 12.707656529512736), 270.94816613197327)
Day:2 
(2, 54, 100, -1356615.8126587789, 182295149927.0, (22.066277402675997, 3.29622552074927, 4.528427954184514, 12.707656529512736), 249.80494785308838)
Day:2 
(2, 55, 100, -1356616.4225829206, 182295149938.0, (22.066277402675997, 3.29622552074927, 4.528427954184514, 12.707656529512736), 271.5615220069885)
Day:2 
(2, 56, 100, -1356616.4225829206, 182295149938.0, (22.066277402675997, 3.29622552074927, 4.528427954184514, 12.707656529512736), 275.57237815856934)
Day:2 
(2, 57, 100, -1356595.0097757224, 182295114825.0, (22.066277402675997, 3.29622552074927, 4.528427954184514, 12.707656529512736), 255.4663679599762)
Day:2 
(2, 58, 100, -1355951.0874465806, 182289727517.0, (22.066277402675997, 3.29622552074927, 4.528427954184514, 12.707656529512736), 243.12114787101746)
Day:2 
(2, 59, 100, -1355950.947272775, 182289728729.0, (22.066277402675997, 3.29622552074927, 4.528427954184514, 12.707656529512736), 265.7293109893799)
Day:2 
(2, 60, 100, -1355931.801735605, 182289728990.0, (22.066277402675997, 3.29622552074927, 4.528427954184514, 12.707656529512736), 252.98727011680603)
Day:2 
(2, 61, 100, -1355144.7487915882, 182289762345.0, (22.066277402675997, 3.29622552074927, 4.528427954184514, 12.707656529512736), 268.6609389781952)
Day:2 
(2, 62, 100, -1355061.4756019185, 182289592469.0, (22.066277402675997, 3.29622552074927, 4.528427954184514, 12.707656529512736), 269.0533940792084)
Day:2 
(2, 63, 100, -1352563.8831586363, 182260638833.0, (22.066277402675997, 3.29622552074927, 4.528427954184514, 12.707656529512736), 276.0970540046692)
Day:2 
(2, 64, 100, -1352490.0833193478, 182239019379.0, (22.066277402675997, 3.29622552074927, 4.528427954184514, 12.707656529512736), 260.8119080066681)
Day:2 
(2, 65, 100, -1351713.2510012013, 182239019113.0, (22.066277402675997, 3.29622552074927, 4.528427954184514, 12.707656529512736), 265.64290404319763)
Day:2 
(2, 66, 100, -1350612.608418622, 182203981392.0, (22.066277402675997, 3.29622552074927, 4.528427954184514, 12.707656529512736), 233.26765179634094)
Day:2 
(2, 67, 100, -1350548.8845706354, 182255971843.0, (22.066277402675997, 3.29622552074927, 4.528427954184514, 12.707656529512736), 257.5558111667633)
Day:2 
(2, 68, 100, -1350460.8525122644, 182255971487.0, (22.066277402675997, 3.29622552074927, 4.528427954184514, 12.707656529512736), 261.3732650279999)
Day:2 
(2, 69, 100, -1350370.3822646276, 182255972047.0, (22.066277402675997, 3.29622552074927, 4.528427954184514, 12.707656529512736), 291.286563873291)
Day:2 
(2, 70, 100, -1350363.0571807188, 182255967844.0, (22.066277402675997, 3.29622552074927, 4.528427954184514, 12.707656529512736), 241.33009505271912)
Day:2 
(2, 71, 100, -1349999.4601857706, 182255896483.0, (22.066277402675997, 3.29622552074927, 4.528427954184514, 12.707656529512736), 250.39874291419983)
Day:2 
(2, 72, 100, -1349915.6149291426, 182255897419.0, (22.066277402675997, 3.29622552074927, 4.528427954184514, 12.707656529512736), 220.06918215751648)
Day:2 
(2, 73, 100, -1349916.477857568, 182255897404.0, (22.066277402675997, 3.29622552074927, 4.528427954184514, 12.707656529512736), 271.4841079711914)
Day:2 
(2, 74, 100, -1349743.0799791752, 182255725219.0, (22.066277402675997, 3.29622552074927, 4.528427954184514, 12.707656529512736), 254.6501908302307)
Day:2 
(2, 75, 100, -1349740.583803263, 182255725334.0, (22.066277402675997, 3.29622552074927, 4.528427954184514, 12.707656529512736), 262.26121520996094)
Day:2 
(2, 76, 100, -1349741.5686739828, 182255724727.0, (22.066277402675997, 3.29622552074927, 4.528427954184514, 12.707656529512736), 254.21987295150757)
Day:2 
(2, 77, 100, -1349738.8212999366, 182255724571.0, (22.066277402675997, 3.29622552074927, 4.528427954184514, 12.707656529512736), 254.386981010437)
Day:2 
(2, 78, 100, -1349421.1738932629, 182255724486.0, (22.066277402675997, 3.29622552074927, 4.528427954184514, 12.707656529512736), 280.4996838569641)
Day:2 
(2, 79, 100, -1349421.1738932629, 182255724486.0, (22.066277402675997, 3.29622552074927, 4.528427954184514, 12.707656529512736), 266.39526200294495)
Day:2 
(2, 80, 100, -1349402.0108558128, 182255737834.0, (22.066277402675997, 3.29622552074927, 4.528427954184514, 12.707656529512736), 249.9997160434723)
Day:2 
(2, 81, 100, -1349395.002988069, 182255738077.0, (22.066277402675997, 3.29622552074927, 4.528427954184514, 12.707656529512736), 258.003005027771)
Day:2 
(2, 82, 100, -1349394.7971756258, 182255737983.0, (22.066277402675997, 3.29622552074927, 4.528427954184514, 12.707656529512736), 275.36909794807434)
Day:2 
(2, 83, 100, -1349348.455139537, 182218514071.0, (22.066277402675997, 3.29622552074927, 4.528427954184514, 12.707656529512736), 251.55167293548584)
Day:2 
(2, 84, 100, -1349231.245591031, 182218335099.0, (22.066277402675997, 3.29622552074927, 4.528427954184514, 12.707656529512736), 272.820317029953)
Day:2 
(2, 85, 100, -1349231.245591031, 182218335099.0, (22.066277402675997, 3.29622552074927, 4.528427954184514, 12.707656529512736), 270.5568070411682)
Day:2 
(2, 86, 100, -1349232.965294817, 182218334868.0, (22.066277402675997, 3.29622552074927, 4.528427954184514, 12.707656529512736), 278.86907505989075)
Day:2 
(2, 87, 100, -1348951.5678177194, 182218334588.0, (22.066277402675997, 3.29622552074927, 4.528427954184514, 12.707656529512736), 259.3280220031738)
Day:2 
(2, 88, 100, -1348174.1596064088, 182218333919.0, (22.066277402675997, 3.29622552074927, 4.528427954184514, 12.707656529512736), 279.7747309207916)
Day:2 
(2, 89, 100, -1347443.6254293208, 182218333309.0, (22.066277402675997, 3.29622552074927, 4.528427954184514, 12.707656529512736), 264.536180973053)
Day:2 
(2, 90, 100, -1347443.6254293208, 182218333309.0, (22.066277402675997, 3.29622552074927, 4.528427954184514, 12.707656529512736), 225.49010396003723)
Day:2 
(2, 91, 100, -1347409.4799934316, 182218333230.0, (22.066277402675997, 3.29622552074927, 4.528427954184514, 12.707656529512736), 252.96330213546753)
Day:2 
(2, 92, 100, -1347406.2151006523, 182218333161.0, (22.066277402675997, 3.29622552074927, 4.528427954184514, 12.707656529512736), 251.2632029056549)
Day:2 
(2, 93, 100, -1347106.0495096568, 182218435216.0, (22.066277402675997, 3.29622552074927, 4.528427954184514, 12.707656529512736), 276.1985239982605)
Day:2 
(2, 94, 100, -1347024.3420102901, 182218435130.0, (22.066277402675997, 3.29622552074927, 4.528427954184514, 12.707656529512736), 287.97923707962036)
Day:2 
(2, 95, 100, -1347023.1467534485, 182218435137.0, (22.066277402675997, 3.29622552074927, 4.528427954184514, 12.707656529512736), 265.06508207321167)
Day:2 
(2, 96, 100, -1346726.6050909047, 182218434637.0, (22.066277402675997, 3.29622552074927, 4.528427954184514, 12.707656529512736), 287.32648491859436)
Day:2 
(2, 97, 100, -1346565.0352820293, 182218434602.0, (22.066277402675997, 3.29622552074927, 4.528427954184514, 12.707656529512736), 285.82277607917786)
Day:2 
(2, 98, 100, -1346565.5818164658, 182218434636.0, (22.066277402675997, 3.29622552074927, 4.528427954184514, 12.707656529512736), 282.2009289264679)
Day:2 
(2, 99, 100, -1345272.2801179732, 182218459005.0, (22.066277402675997, 3.29622552074927, 4.528427954184514, 12.707656529512736), 300.40775895118713)
Day:2 
(2, 100, 100, -1345269.5545024986, 182218458989.0, (22.066277402675997, 3.29622552074927, 4.528427954184514, 12.707656529512736), 276.05462408065796)